Date,Open,High,Low,Close,Adj Close,Volume
2016-01-18,173.600006,174.699997,172.100006,172.500000,152.251251,6533742
2016-01-19,172.000000,177.199997,168.000000,177.100006,156.311295,14590869
2016-01-20,173.800003,173.800003,168.000000,168.100006,148.367752,12947109
2016-01-21,169.100006,171.500000,161.199997,162.500000,143.425079,11923410
2016-01-22,166.199997,167.600006,160.100006,166.100006,146.602524,10626060
2016-01-25,168.800003,170.199997,167.300003,168.899994,149.073853,7651408
2016-01-26,166.500000,166.800003,161.699997,163.100006,143.954681,9449945
2016-01-27,165.699997,166.100006,161.300003,161.800003,142.807251,5831717
2016-01-28,163.000000,163.800003,160.100006,162.199997,143.160324,6831965
2016-01-29,161.600006,170.899994,161.500000,170.300003,150.309509,10008762
2016-02-01,170.000000,170.000000,166.600006,168.100006,148.367752,5423284
2016-02-02,167.399994,170.199997,166.699997,168.500000,148.720795,3036735
2016-02-03,166.000000,166.800003,163.300003,166.199997,146.690781,4686809
2016-02-04,167.199997,168.500000,164.500000,165.500000,146.072968,4848900
2016-02-05,167.000000,168.000000,165.600006,167.000000,147.396881,3218729
2016-02-11,162.000000,164.699997,161.899994,163.199997,144.042938,5928638
2016-02-12,162.000000,164.300003,161.199997,163.000000,143.866409,4103231
2016-02-15,166.100006,168.800003,165.500000,167.500000,147.838196,5381943
2016-02-16,168.000000,170.800003,167.899994,169.000000,149.162079,5838122
2016-02-17,169.399994,170.500000,166.699997,169.100006,149.250381,4798729
2016-02-18,171.699997,172.500000,170.399994,171.000000,150.927322,5416817
2016-02-19,170.500000,171.800003,170.000000,171.199997,151.103851,2315228
2016-02-22,172.300003,174.399994,171.300003,173.699997,153.310379,3514891
2016-02-23,173.699997,174.899994,172.600006,173.300003,152.957367,2705318
2016-02-24,173.000000,174.000000,170.300003,172.300003,152.074738,3471269
2016-02-25,172.500000,172.800003,167.699997,168.300003,148.544266,4431337
2016-02-26,170.800003,174.300003,170.000000,173.300003,152.957367,5014659
2016-02-29,173.000000,173.199997,167.300003,168.899994,149.073853,5752339
2016-03-01,169.800003,169.899994,167.000000,169.100006,149.250381,4150917
2016-03-02,171.500000,176.699997,171.300003,175.000000,154.457779,10838966
2016-03-03,175.000000,175.399994,171.199997,173.300003,152.957367,6411405
2016-03-04,173.500000,175.000000,171.800003,175.000000,154.457779,5356911
2016-03-07,175.000000,176.699997,172.899994,173.100006,152.780838,6629171
2016-03-08,174.000000,174.100006,171.600006,172.199997,151.986481,3827549
2016-03-09,171.800003,172.500000,170.100006,171.699997,151.545166,3910483
2016-03-10,172.199997,172.899994,170.199997,171.000000,150.927322,2897844
2016-03-11,170.399994,174.100006,169.500000,172.800003,152.516068,3890339
2016-03-14,174.000000,176.500000,173.199997,175.500000,154.899094,6492492
2016-03-15,174.800003,175.300003,173.199997,174.300003,153.839966,2128265
2016-03-16,174.300003,175.100006,172.100006,173.800003,153.398697,2661607
2016-03-17,175.899994,176.000000,173.899994,175.199997,154.634323,4882962
2016-03-18,175.899994,176.600006,174.300003,175.600006,154.987381,6546182
2016-03-21,177.000000,185.699997,176.699997,185.399994,163.637009,18817496
2016-03-22,186.699997,187.600006,183.899994,186.199997,164.343094,8219909
2016-03-23,186.100006,187.300003,183.100006,184.399994,162.754379,5485400
2016-03-24,182.100006,184.899994,181.100006,182.199997,160.812622,4572049
2016-03-29,182.199997,183.899994,180.699997,181.899994,160.547836,2657013
2016-03-30,184.600006,186.600006,183.699997,186.300003,164.431351,5445434
2016-03-31,186.600006,187.500000,185.699997,186.800003,164.872650,4912648
2016-04-01,186.199997,186.600006,183.399994,184.199997,162.577866,5309787
2016-04-05,182.800003,183.899994,181.100006,181.899994,160.547836,6545019
2016-04-06,181.600006,183.699997,181.100006,182.600006,161.165680,3247861
2016-04-07,183.100006,185.500000,182.399994,185.199997,163.460480,4052419
2016-04-08,183.399994,186.000000,182.600006,185.600006,163.813538,4291684
2016-04-11,184.600006,188.399994,184.100006,187.199997,165.225739,4568234
2016-04-12,187.300003,188.899994,186.100006,188.000000,165.931824,3480987
2016-04-13,189.000000,193.800003,189.000000,193.699997,170.962708,9753008
2016-04-14,195.000000,196.000000,193.000000,193.899994,171.139221,6732035
2016-04-15,193.000000,194.199997,192.000000,192.800003,170.168350,2743247
2016-04-18,191.000000,192.800003,190.000000,192.699997,170.080124,3319879
2016-04-19,195.000000,197.000000,194.199997,196.000000,172.992737,4557151
2016-04-20,196.000000,197.199997,193.000000,196.000000,172.992737,6014544
2016-04-21,197.500000,202.000000,196.000000,201.000000,177.405807,10833222
2016-04-22,199.100006,205.399994,198.199997,204.000000,180.053665,8632848
2016-04-25,202.199997,205.399994,199.699997,199.699997,176.258408,8164012
2016-04-26,200.800003,202.000000,196.699997,200.399994,176.876236,6912410
2016-04-27,200.399994,200.600006,198.199997,199.199997,175.817108,3005514
2016-04-28,202.000000,202.199997,197.100006,198.199997,174.934479,4867846
2016-04-29,198.000000,198.600006,195.800003,196.300003,173.257538,5074067
2016-05-03,194.199997,194.399994,187.399994,187.500000,167.945953,9219772
2016-05-04,187.000000,188.000000,184.000000,187.500000,167.945953,5893278
2016-05-05,186.500000,191.199997,186.000000,188.399994,168.752090,5732230
2016-05-06,187.800003,188.399994,183.899994,184.899994,165.617096,6685404
2016-05-09,186.500000,187.100006,183.899994,184.699997,165.437973,2961436
2016-05-10,183.399994,186.899994,183.399994,185.800003,166.423233,3630144
2016-05-11,187.000000,187.500000,184.199997,185.800003,166.423233,4973611
2016-05-12,185.000000,185.000000,181.300003,181.600006,162.661255,7177371
2016-05-13,181.000000,181.500000,178.000000,179.500000,160.780258,7012784
2016-05-16,179.000000,184.600006,178.500000,179.699997,160.959396,6520138
2016-05-17,179.800003,183.399994,179.800003,182.899994,163.825668,4841603
2016-05-18,180.699997,181.699997,178.500000,179.899994,161.138519,5099697
2016-05-19,178.600006,179.899994,176.800003,177.699997,159.167984,5687039
2016-05-20,177.000000,180.000000,177.000000,178.100006,159.526260,3881213
2016-05-23,176.899994,179.100006,176.899994,177.399994,158.899261,2650160
2016-05-24,176.699997,177.399994,175.199997,176.399994,158.003540,3422700
2016-05-25,178.800003,180.100006,178.500000,178.699997,160.063705,4306573
2016-05-26,179.500000,179.899994,177.300003,178.399994,159.794968,2505985
2016-05-27,178.399994,182.399994,177.899994,182.300003,163.288254,6053509
2016-05-30,181.600006,184.500000,181.199997,183.100006,164.004822,5483558
2016-05-31,183.100006,188.800003,182.800003,186.000000,166.602386,9403895
2016-06-01,186.000000,188.600006,185.500000,185.699997,166.333664,4208196
2016-06-02,186.300003,188.399994,185.899994,188.199997,168.572952,4345800
2016-06-03,189.500000,191.399994,189.100006,190.000000,170.185226,6121838
2016-06-06,190.100006,192.500000,189.600006,191.699997,171.707932,5044657
2016-06-07,193.000000,194.399994,192.300003,193.899994,173.678497,6593590
2016-06-08,194.199997,194.199997,190.300003,191.500000,171.528809,4127110
2016-06-10,191.500000,192.000000,186.500000,186.899994,167.408524,6797156
2016-06-13,185.000000,185.500000,181.899994,183.399994,164.273529,5720205
2016-06-14,184.000000,184.699997,182.500000,183.300003,164.183960,4355974
2016-06-15,180.000000,182.000000,177.000000,181.500000,162.571671,9302481
2016-06-16,180.000000,180.300003,178.000000,178.899994,160.242813,6488891
2016-06-17,181.000000,181.699997,179.000000,179.199997,160.511536,3901037
2016-06-20,181.600006,183.399994,180.500000,182.100006,163.109085,4145438
2016-06-21,182.500000,185.699997,182.199997,182.800003,163.736115,3724690
2016-06-22,183.500000,187.199997,182.199997,186.300003,166.871094,6828343
2016-06-23,187.000000,187.300003,185.500000,186.000000,166.602386,3674248
2016-06-24,182.000000,187.000000,175.000000,182.699997,163.646545,15874439
2016-06-27,179.800003,185.399994,179.500000,184.399994,165.169235,7581458
2016-06-28,183.000000,184.399994,182.199997,184.300003,165.079697,5146638
2016-06-29,184.500000,187.800003,184.300003,186.399994,166.960663,6758311
2016-06-30,187.500000,188.800003,186.699997,187.600006,168.035522,7857923
2016-07-04,187.600006,188.500000,184.500000,187.600006,168.035522,5694154
2016-07-05,186.699997,187.500000,184.699997,184.899994,165.617096,3466012
2016-07-06,183.600006,183.899994,181.300003,183.500000,164.363113,4757792
2016-07-07,184.500000,185.600006,183.500000,184.300003,165.079697,2555633
2016-07-08,183.300003,184.000000,182.800003,183.600006,164.452698,2690049
2016-07-11,185.600006,186.100006,184.699997,185.100006,165.796249,2721048
2016-07-12,186.199997,187.500000,185.199997,186.800003,167.318954,4133023
2016-07-13,187.500000,189.000000,187.100006,188.199997,168.572952,5033633
2016-07-14,188.399994,190.699997,187.399994,190.100006,170.274841,4912879
2016-07-15,190.300003,190.899994,188.800003,189.800003,170.006088,4170176
2016-07-18,189.800003,191.300003,189.600006,190.500000,170.633102,2645651
2016-07-19,190.300003,190.300003,188.500000,189.500000,169.737381,2085169
2016-07-20,189.500000,192.199997,189.199997,191.899994,171.887070,4174243
2016-07-21,192.500000,194.000000,191.399994,191.500000,171.528809,4531336
2016-07-22,191.000000,193.000000,190.500000,192.399994,172.334930,2833545
2016-07-25,193.000000,193.000000,191.000000,191.899994,171.887070,2811426
2016-07-26,191.199997,194.399994,191.100006,193.699997,173.499359,3839204
2016-07-27,194.399994,194.399994,191.500000,193.699997,173.499359,3498996
2016-07-28,192.199997,193.399994,191.300003,192.100006,172.066254,3316524
2016-07-29,191.500000,193.000000,190.600006,191.500000,171.528809,3038497
2016-08-01,192.600006,194.000000,192.000000,192.300003,172.245377,4122911
2016-08-02,192.300003,192.300003,192.300003,192.300003,172.245377,0
2016-08-03,189.000000,191.100006,188.800003,190.199997,170.364380,3842784
2016-08-04,191.000000,192.100006,190.500000,191.500000,171.528809,1700786
2016-08-05,192.100006,193.300003,192.100006,192.600006,172.514084,2049963
2016-08-08,193.600006,195.100006,192.600006,194.899994,174.574219,4525810
2016-08-09,195.199997,195.500000,193.600006,194.000000,173.768082,2323059
2016-08-10,193.500000,195.500000,191.300003,192.100006,172.066254,5178925
2016-08-11,191.100006,199.500000,190.600006,197.699997,177.082230,12867905
2016-08-12,198.699997,199.000000,195.300003,197.100006,176.544769,7780985
2016-08-15,197.899994,201.800003,197.100006,200.199997,179.321487,8157630
2016-08-16,201.000000,203.000000,200.000000,200.600006,179.679779,6645908
2016-08-17,198.000000,198.500000,191.100006,191.199997,171.260071,19066389
2016-08-18,192.500000,193.600006,190.699997,191.600006,171.618378,10239412
2016-08-19,192.500000,192.500000,188.800003,191.199997,171.260071,8137897
2016-08-22,191.699997,192.800003,190.699997,191.699997,171.707932,3880216
2016-08-23,189.899994,190.600006,189.300003,189.699997,171.898239,3015594
2016-08-24,190.500000,190.800003,188.100006,189.100006,171.354553,3077409
2016-08-25,189.000000,189.600006,188.000000,189.100006,171.354553,2348469
2016-08-26,188.899994,189.600006,188.199997,188.600006,170.901459,2399065
2016-08-29,188.399994,189.000000,187.500000,188.000000,170.357773,2839703
2016-08-30,188.199997,191.399994,187.899994,190.100006,172.260727,4443425
2016-08-31,190.000000,190.399994,188.899994,189.699997,171.898239,3258414
2016-09-01,188.800003,191.000000,188.800003,190.199997,172.351318,3423985
2016-09-02,190.699997,191.500000,189.800003,190.800003,172.895004,2848814
2016-09-05,193.000000,196.000000,192.800003,194.399994,176.157196,7586152
2016-09-06,196.000000,198.699997,195.800003,198.100006,179.509979,9855914
2016-09-07,198.199997,200.000000,197.300003,198.000000,179.419357,6790728
2016-09-08,198.000000,199.500000,197.600006,198.600006,179.963058,4707598
2016-09-09,200.000000,213.199997,199.899994,209.600006,189.930786,35543508
2016-09-12,204.199997,206.399994,201.000000,201.000000,182.137833,16027439
2016-09-13,204.000000,205.199997,198.000000,198.000000,179.419357,10217701
2016-09-14,198.000000,201.000000,197.600006,199.300003,180.597382,4557080
2016-09-15,200.000000,203.600006,199.800003,203.600006,184.493835,5568643
2016-09-19,204.800003,204.800003,201.600006,204.199997,185.037521,5224202
2016-09-20,204.000000,209.199997,202.000000,207.199997,187.755997,7238685
2016-09-21,207.800003,209.000000,206.199997,208.000000,188.480942,5419877
2016-09-22,210.000000,211.800003,206.800003,206.800003,187.393539,8339827
2016-09-23,206.800003,207.800003,204.399994,205.000000,185.762451,5824516
2016-09-26,205.399994,207.800003,202.800003,203.000000,183.950134,5508936
2016-09-27,204.000000,206.600006,202.000000,205.399994,186.124924,3972647
2016-09-28,204.199997,206.399994,204.000000,206.399994,187.031097,2451773
2016-09-29,207.399994,207.399994,205.399994,206.800003,187.393539,3143053
2016-09-30,205.000000,206.000000,203.600006,203.800003,184.675079,3978346
2016-10-03,206.000000,207.600006,205.199997,205.800003,186.487381,2687243
2016-10-04,206.600006,207.399994,205.600006,207.199997,187.755997,2494605
2016-10-05,206.600006,209.000000,205.600006,207.399994,187.937225,2895499
2016-10-06,207.800003,208.600006,206.399994,208.199997,188.662155,4804869
2016-10-07,208.399994,208.800003,207.000000,208.800003,189.205887,2391846
2016-10-11,210.000000,210.199997,205.600006,206.800003,187.393539,5166700
2016-10-12,205.800003,207.199997,204.199997,206.000000,186.668610,3528582
2016-10-13,205.399994,205.800003,203.000000,203.199997,184.131378,4362951
2016-10-14,204.000000,206.000000,203.199997,205.399994,186.124924,3141265
2016-10-17,205.000000,205.399994,202.399994,203.399994,184.312592,3133918
2016-10-18,203.800003,206.000000,203.000000,205.399994,186.124924,2821149
2016-10-19,206.000000,206.000000,204.600006,205.399994,186.124924,1966908
2016-10-20,205.800003,207.199997,205.600006,206.600006,187.212326,2284279
2016-10-21,206.600006,206.600006,206.600006,206.600006,187.212326,0
2016-10-24,207.800003,208.600006,205.600006,208.000000,188.480942,4033364
2016-10-25,208.399994,208.800003,207.600006,208.600006,189.024658,2270823
2016-10-26,208.000000,208.000000,205.600006,206.399994,187.031097,3203160
2016-10-27,206.800003,207.199997,204.199997,205.600006,186.306152,2291583
2016-10-28,204.000000,206.399994,203.199997,204.000000,184.856293,3451388
2016-10-31,203.399994,206.399994,203.399994,205.399994,186.124924,3018826
2016-11-01,205.000000,207.600006,205.000000,206.000000,186.668610,3419260
2016-11-02,204.199997,205.399994,202.199997,203.000000,183.950134,4367606
2016-11-03,202.000000,203.199997,200.000000,200.199997,181.412888,4869500
2016-11-04,199.800003,200.600006,198.600006,199.699997,180.959808,3576382
2016-11-07,200.800003,203.600006,200.600006,202.600006,183.587692,2950908
2016-11-08,204.000000,205.800003,202.600006,203.600006,184.493835,2754818
2016-11-09,204.399994,204.800003,198.000000,202.399994,183.406433,12805530
2016-11-10,205.399994,206.000000,203.800003,204.800003,185.581238,5223394
2016-11-11,204.000000,207.600006,203.600006,206.199997,186.849838,8830041
2016-11-14,204.399994,205.000000,201.800003,204.199997,185.037521,4996733
2016-11-15,205.399994,205.600006,202.600006,203.399994,184.312592,2611387
2016-11-16,204.800003,205.199997,203.000000,203.399994,184.312592,2823605
2016-11-17,203.000000,204.199997,202.199997,204.000000,184.856293,2414677
2016-11-18,203.000000,203.800003,201.600006,203.000000,183.950134,3272310
2016-11-21,202.000000,204.600006,201.800003,202.399994,183.406433,2435165
2016-11-22,204.600006,204.800003,203.199997,203.800003,184.675079,3625069
2016-11-23,203.800003,205.199997,203.000000,203.600006,184.493835,2544754
2016-11-24,202.800003,204.600006,202.199997,203.800003,184.675079,1596419
2016-11-25,204.000000,205.000000,203.199997,205.000000,185.762451,2912888
2016-11-28,205.000000,207.000000,204.399994,204.800003,185.581238,6158145
2016-11-29,203.800003,205.199997,203.399994,203.600006,184.493835,3118057
2016-11-30,204.800003,204.800003,203.000000,204.000000,184.856293,3574686
2016-12-01,204.000000,205.000000,203.399994,204.199997,185.037521,2755315
2016-12-02,204.800003,204.800003,202.399994,202.800003,183.768906,4548475
2016-12-05,204.000000,204.000000,196.000000,197.399994,178.875641,11206226
2016-12-06,198.399994,198.899994,196.100006,196.399994,177.969482,5517283
2016-12-07,197.000000,197.899994,193.100006,193.600006,175.432251,7387620
2016-12-08,195.000000,196.600006,195.000000,195.000000,176.700882,4388515
2016-12-09,195.100006,195.500000,191.100006,192.699997,174.616730,5408874
2016-12-12,192.899994,193.300003,188.899994,189.600006,171.807632,6962314
2016-12-13,188.500000,190.699997,188.500000,189.600006,171.807632,3349351
2016-12-14,191.100006,191.199997,189.000000,190.000000,172.170074,3177027
2016-12-15,188.600006,188.699997,185.500000,186.899994,169.360992,6320569
2016-12-16,186.100006,186.600006,184.300003,185.100006,167.729904,6255608
2016-12-19,185.300003,185.300003,182.000000,182.600006,165.464523,4662459
2016-12-20,182.500000,183.500000,182.000000,182.100006,165.011414,3451745
2016-12-21,180.899994,183.600006,180.800003,182.100006,165.011414,3346932
2016-12-22,182.100006,182.800003,180.600006,181.000000,164.014648,2940342
2016-12-23,180.199997,181.500000,179.199997,179.899994,163.017868,4473792
2016-12-28,179.800003,181.199997,177.600006,180.699997,163.742828,3927790
2016-12-29,179.000000,181.500000,179.000000,180.899994,163.924042,4077914
2016-12-30,180.500000,184.899994,180.500000,183.199997,166.008209,5655166
2017-01-03,184.199997,185.000000,183.199997,184.300003,167.005005,2883934
2017-01-04,183.600006,184.600006,182.399994,182.600006,165.464523,2590609
2017-01-05,184.199997,186.000000,182.600006,185.300003,167.911163,3585152
2017-01-06,186.000000,186.800003,185.100006,185.399994,168.001755,2380643
2017-01-09,185.600006,186.500000,184.800003,185.600006,168.183014,1650629
2017-01-10,185.600006,187.600006,185.100006,187.500000,169.904694,3190104
2017-01-11,187.199997,189.500000,187.199997,188.300003,170.629623,3732811
2017-01-12,188.000000,188.300003,185.199997,186.600006,169.089157,3178939
2017-01-13,186.899994,187.600006,185.899994,186.500000,168.998535,1657596
2017-01-16,186.500000,186.500000,184.399994,185.000000,167.639282,2137803
2017-01-17,185.600006,186.000000,184.699997,185.899994,168.454834,1492186
2017-01-18,186.300003,188.399994,185.899994,187.899994,170.267136,3457682
2017-01-19,187.199997,187.399994,186.399994,187.199997,169.632858,1465627
2017-01-20,186.000000,186.500000,185.000000,185.500000,168.092361,2880071
2017-01-23,186.000000,187.000000,184.800003,185.199997,167.820511,3109796
2017-01-24,185.600006,186.000000,184.300003,185.199997,167.820511,2965912
2017-01-25,186.500000,186.500000,183.600006,185.800003,168.364212,2668207
2017-01-26,186.500000,188.199997,186.199997,187.800003,170.176544,3622066
2017-01-27,187.000000,188.800003,187.000000,188.699997,170.992081,1705363
2017-02-01,187.000000,188.500000,185.899994,188.500000,170.810867,2539379
2017-02-02,187.600006,188.899994,186.600006,187.300003,169.723465,2027469
2017-02-03,187.300003,187.300003,185.199997,186.399994,168.907898,2553934
2017-02-06,186.600006,187.600006,186.000000,187.199997,169.632858,2153551
2017-02-07,186.899994,187.399994,186.399994,186.699997,169.179779,2347121
2017-02-08,186.399994,196.399994,185.600006,195.500000,177.153946,14797006
2017-02-09,196.000000,199.399994,195.300003,195.500000,177.153946,11040557
2017-02-10,196.899994,198.399994,195.699997,195.800003,177.425797,4023580
2017-02-13,196.899994,199.399994,196.000000,198.699997,180.053665,6939823
2017-02-14,199.100006,199.199997,197.199997,197.800003,179.238113,4518026
2017-02-15,198.899994,202.600006,198.100006,202.000000,183.043976,13716326
2017-02-16,203.199997,204.000000,201.800003,202.399994,183.406433,7472372
2017-02-17,202.000000,203.000000,199.600006,200.199997,181.412888,5374929
2017-02-20,201.000000,202.000000,199.899994,200.800003,181.956589,3081166
2017-02-21,202.000000,203.000000,197.500000,199.000000,180.325516,7114625
2017-02-22,199.500000,201.399994,199.100006,200.000000,181.231674,3306397
2017-02-23,200.000000,201.399994,199.399994,200.399994,181.594131,3479037
2017-02-24,200.800003,200.800003,198.000000,198.000000,179.419357,3591711
2017-02-27,196.800003,198.699997,194.899994,195.399994,177.063354,6740430
2017-02-28,196.500000,196.500000,192.699997,192.699997,174.616730,6633834
2017-03-01,193.800003,194.399994,192.600006,193.500000,175.341629,2735918
2017-03-02,196.000000,196.800003,191.300003,192.000000,173.982391,5286808
2017-03-03,191.500000,191.800003,190.100006,191.399994,173.438705,3397426
2017-03-06,191.000000,193.300003,191.000000,191.699997,173.710556,2248767
2017-03-07,192.899994,192.899994,191.100006,192.199997,174.163635,2002752
2017-03-08,190.800003,192.699997,190.800003,191.800003,173.801163,1890370
2017-03-09,191.300003,191.399994,189.300003,190.399994,172.532547,3676706
2017-03-10,189.500000,190.699997,188.899994,190.100006,172.260727,3358182
2017-03-13,191.199997,192.800003,189.800003,191.800003,173.801163,3552083
2017-03-14,192.000000,193.100006,191.100006,192.000000,173.982391,1876977
2017-03-15,191.000000,197.100006,190.500000,194.699997,176.429031,6382515
2017-03-16,196.199997,197.399994,194.800003,197.399994,178.875641,5812565
2017-03-17,198.199997,198.199997,195.899994,196.500000,178.060120,5426562
2017-03-20,196.500000,200.800003,196.500000,200.399994,181.594131,7978380
2017-03-21,200.600006,200.800003,198.600006,199.699997,180.959808,3655748
2017-03-22,196.800003,197.500000,195.699997,196.399994,177.969482,5325847
2017-03-23,196.000000,197.800003,196.000000,196.399994,177.969482,2405926
2017-03-24,196.699997,197.199997,195.500000,196.399994,177.969482,2084358
2017-03-27,195.500000,197.300003,194.399994,195.000000,176.700882,3444243
2017-03-28,196.199997,196.800003,195.100006,195.399994,177.063354,2145042
2017-03-29,196.600006,196.600006,194.199997,194.600006,176.338409,2645913
2017-03-30,194.600006,195.699997,194.399994,194.399994,176.157196,3158549
2017-03-31,196.000000,196.600006,194.899994,195.600006,177.244598,4445851
2017-04-03,196.300003,197.500000,195.600006,196.100006,177.697662,2974162
2017-04-05,197.000000,197.399994,195.699997,197.399994,178.875641,2602084
2017-04-06,196.000000,197.399994,195.699997,196.000000,177.607040,1935783
2017-04-07,195.699997,196.399994,193.800003,195.899994,177.516418,2499111
2017-04-10,196.100006,196.399994,194.500000,195.500000,177.153946,1803309
2017-04-11,195.899994,195.899994,193.399994,193.800003,175.613495,3571257
2017-04-12,193.000000,195.199997,193.000000,195.199997,176.882095,2423847
2017-04-13,193.100006,195.199997,193.100006,194.199997,175.975922,1688729
2017-04-18,195.300003,195.300003,191.500000,191.699997,173.710556,4254961
2017-04-19,190.600006,191.800003,189.500000,190.800003,172.895004,3852121
2017-04-20,190.500000,192.300003,190.000000,191.500000,173.529327,2430906
2017-04-21,192.399994,192.500000,190.500000,190.800003,172.895004,2999799
2017-04-24,191.500000,191.899994,190.100006,190.800003,172.895004,2204904
2017-04-25,191.500000,192.699997,191.500000,192.000000,173.982391,4048652
2017-04-26,193.000000,195.000000,192.800003,193.699997,175.522873,4220614
2017-04-27,193.000000,194.500000,192.199997,194.100006,175.885345,2600186
2017-04-28,192.699997,192.800003,191.199997,191.600006,175.464081,1664245
2017-05-02,192.899994,193.000000,190.600006,191.600006,175.464081,2830370
2017-05-04,191.500000,191.800003,190.000000,190.600006,174.548294,2783426
2017-05-05,191.100006,191.199997,188.800003,189.300003,173.357758,4673356
2017-05-08,189.600006,190.300003,188.500000,189.600006,173.632523,2550536
2017-05-09,189.100006,194.699997,189.100006,194.399994,178.028275,6850849
2017-05-10,194.800003,198.000000,194.000000,194.199997,177.845093,9832938
2017-05-11,195.300003,198.000000,194.699997,195.699997,179.218796,6382645
2017-05-12,196.699997,196.699997,194.800003,195.500000,179.035614,2904663
2017-05-15,196.000000,197.399994,195.500000,197.100006,180.500870,3540573
2017-05-16,197.600006,197.699997,195.600006,196.699997,180.134583,3463976
2017-05-17,197.699997,198.500000,197.000000,197.699997,181.050354,5395682
2017-05-18,196.000000,197.000000,195.100006,195.300003,178.852448,4241545
2017-05-19,196.000000,196.699997,195.000000,195.699997,179.218796,2714304
2017-05-22,196.000000,197.500000,195.699997,196.399994,179.859818,2211516
2017-05-23,196.000000,196.600006,195.000000,195.199997,178.760880,2962559
2017-05-24,196.000000,196.000000,194.199997,194.899994,178.486145,2599006
2017-05-25,194.100006,196.300003,194.100006,196.300003,179.768265,4236267
2017-05-26,196.000000,198.100006,196.000000,196.000000,179.493515,5393213
2017-05-29,196.100006,197.800003,196.100006,197.199997,180.592468,3416508
2017-05-31,197.800003,197.800003,196.199997,196.699997,180.134583,3125521
2017-06-01,197.199997,197.300003,195.600006,196.800003,180.226120,2369597
2017-06-02,197.300003,205.000000,197.000000,205.000000,187.735565,19761818
2017-06-05,205.800003,208.399994,203.199997,203.800003,186.636627,10902598
2017-06-06,203.199997,206.600006,202.800003,205.000000,187.735565,5538467
2017-06-07,205.000000,205.399994,203.600006,204.199997,187.002930,3126716
2017-06-08,204.000000,206.800003,203.399994,205.600006,188.285049,4424356
2017-06-09,206.000000,206.399994,203.600006,205.399994,188.101883,4621760
2017-06-12,204.800003,204.800003,199.300003,199.699997,182.881897,6815755
2017-06-13,200.000000,201.800003,199.800003,201.000000,184.072433,3727632
2017-06-14,202.000000,202.199997,199.100006,200.600006,183.706131,3124428
2017-06-15,199.500000,200.000000,198.000000,198.000000,181.325089,3466420
2017-06-16,198.600006,199.300003,197.600006,197.600006,180.958786,2976403
2017-06-19,201.399994,203.800003,200.199997,203.000000,185.903992,7286877
2017-06-20,203.199997,203.800003,201.000000,201.000000,184.072433,3899517
2017-06-21,202.000000,203.600006,198.800003,200.199997,183.339798,4457164
2017-06-22,199.699997,202.800003,199.699997,200.399994,183.522964,3254226
2017-06-23,201.000000,201.199997,199.600006,200.600006,183.706131,2746915
2017-06-26,201.000000,203.000000,200.000000,202.600006,185.537704,3441368
2017-06-27,203.000000,203.000000,201.199997,201.600006,184.621918,2449235
2017-06-28,200.399994,201.800003,199.699997,200.600006,183.706131,2996818
2017-06-29,201.399994,205.800003,201.399994,203.199997,186.087158,7614147
2017-06-30,201.600006,202.800003,200.800003,201.800003,184.805038,3726795
2017-07-03,201.199997,205.199997,201.199997,202.800003,185.720856,5516174
2017-07-04,203.000000,203.800003,198.100006,199.000000,182.240875,6754999
2017-07-05,198.000000,200.000000,197.800003,199.500000,182.698746,3445039
2017-07-06,200.800003,200.800003,198.600006,199.500000,182.698746,2583440
2017-07-07,199.000000,199.699997,198.300003,199.399994,182.607162,2539097
2017-07-10,199.399994,200.600006,198.699997,199.899994,183.065079,1770249
2017-07-11,199.500000,202.800003,199.199997,202.399994,185.354523,4712680
2017-07-12,203.000000,204.600006,202.399994,202.800003,185.720856,3780016
2017-07-13,205.000000,210.600006,204.000000,208.800003,191.215561,20364634
2017-07-14,210.000000,210.600006,208.000000,209.800003,192.131317,8473636
2017-07-17,210.800003,214.600006,208.000000,211.800003,193.962875,11452675
2017-07-18,212.000000,213.199997,209.399994,211.399994,193.596588,4950914
2017-07-19,211.399994,213.600006,210.399994,212.800003,194.878662,6405798
2017-07-20,214.399994,221.399994,214.399994,221.399994,202.754425,20852486
2017-07-21,222.000000,223.800003,218.399994,219.199997,200.739685,9127607
2017-07-24,218.800003,220.800003,217.199997,218.199997,199.823898,6260199
2017-07-25,218.399994,219.399994,217.800003,217.800003,199.457581,5236451
2017-07-26,218.399994,220.000000,217.399994,218.800003,200.373383,5593355
2017-07-27,218.800003,223.800003,218.199997,223.600006,204.769119,10464203
2017-07-28,221.800003,222.600006,220.199997,220.600006,202.021774,8198746
2017-07-31,220.000000,224.199997,219.600006,222.800003,204.036499,5920031
2017-08-01,223.000000,228.600006,222.000000,227.600006,208.432251,12635994
2017-08-02,228.800003,233.199997,228.399994,229.800003,210.446976,14872299
2017-08-03,229.399994,231.199997,226.600006,227.600006,208.432251,8748917
2017-08-04,227.399994,228.800003,226.199997,227.600006,208.432251,5310460
2017-08-07,228.000000,229.399994,226.000000,227.600006,208.432251,5502655
2017-08-08,229.000000,232.000000,225.399994,230.600006,211.179626,9034808
2017-08-09,229.000000,230.000000,226.199997,227.800003,208.615417,7293572
2017-08-10,226.399994,227.000000,215.600006,218.000000,199.640732,20348338
2017-08-11,210.000000,214.000000,209.199997,211.199997,193.413422,20112929
2017-08-14,212.600006,213.600006,210.399994,212.199997,194.329193,9290851
2017-08-15,214.199997,214.800003,211.000000,211.199997,193.413422,6378129
2017-08-16,211.600006,214.399994,211.600006,213.199997,195.244980,3566859
2017-08-17,215.000000,215.000000,211.199997,211.600006,193.779724,4843891
2017-08-18,209.399994,210.800003,208.000000,209.600006,191.948166,5702598
2017-08-21,209.199997,210.399994,208.600006,208.800003,191.215561,4318479
2017-08-22,207.800003,209.800003,206.399994,207.199997,192.096283,4460002
2017-08-23,207.199997,207.199997,207.199997,207.199997,192.096283,0
2017-08-24,207.000000,209.199997,206.800003,207.600006,192.467148,3279558
2017-08-25,207.000000,215.399994,206.800003,214.000000,198.400604,10040788
2017-08-28,214.800003,217.600006,212.800003,214.399994,198.771454,8464931
2017-08-29,213.399994,214.000000,211.000000,211.199997,195.804703,4682174
2017-08-30,212.600006,214.399994,210.199997,213.399994,197.844345,4826168
2017-08-31,213.600006,216.000000,212.199997,213.600006,198.029770,5163653
2017-09-01,214.000000,217.000000,213.399994,215.000000,199.327728,5413274
2017-09-04,213.000000,214.600006,211.600006,211.800003,196.360962,4828409
2017-09-05,213.600006,214.399994,211.600006,212.000000,196.546402,3338952
2017-09-06,211.600006,212.199997,209.600006,210.800003,195.433868,4837503
2017-09-07,213.800003,213.800003,209.000000,209.800003,194.506760,3966568
2017-09-08,210.199997,212.399994,210.000000,210.000000,194.692169,2829767
2017-09-11,212.000000,214.000000,212.000000,213.399994,197.844345,4102983
2017-09-12,213.800003,214.199997,211.600006,212.800003,197.288086,3105363
2017-09-13,212.800003,213.199997,210.800003,211.800003,196.360962,4441264
2017-09-14,211.000000,212.000000,209.800003,210.800003,195.433868,3272132
2017-09-15,210.800003,211.000000,208.000000,209.199997,193.950500,5468672
2017-09-18,210.800003,219.199997,210.399994,218.199997,202.294449,13899792
2017-09-19,220.199997,222.399994,216.399994,216.399994,200.625671,8477315
2017-09-20,217.000000,220.600006,216.000000,219.000000,203.036133,5942866
2017-09-21,218.199997,220.600006,218.199997,219.199997,203.221573,4058735
2017-09-22,216.000000,218.199997,215.000000,215.399994,199.698547,4891993
2017-09-25,216.000000,216.000000,210.800003,211.199997,195.804703,5775398
2017-09-26,210.000000,212.600006,209.399994,211.399994,195.990143,3273523
2017-09-27,211.000000,212.600006,211.000000,211.800003,196.360962,2183475
2017-09-28,212.000000,213.000000,209.800003,210.000000,194.692169,4022924
2017-09-29,212.000000,212.000000,209.800003,210.000000,194.692169,3540302
2017-10-03,211.600006,216.600006,211.199997,214.399994,198.771454,6181655
2017-10-04,216.399994,218.800003,214.600006,215.399994,199.698547,4164422
2017-10-06,217.000000,218.199997,215.800003,217.199997,201.367355,5456063
2017-10-09,217.399994,224.199997,217.399994,220.600006,204.519516,14092909
2017-10-10,221.000000,221.800003,218.399994,220.600006,204.519516,4810183
2017-10-11,221.800003,221.800003,216.399994,216.600006,200.811081,5945682
2017-10-12,216.600006,219.399994,216.199997,218.199997,202.294449,4220455
2017-10-13,218.199997,221.800003,218.199997,219.600006,203.592392,5133048
2017-10-16,225.000000,230.199997,224.000000,225.600006,209.155029,26428633
2017-10-17,225.000000,225.199997,221.800003,222.000000,205.817459,8056048
2017-10-18,222.800003,224.000000,222.199997,222.800003,206.559143,3364199
2017-10-19,223.600006,224.000000,216.000000,217.600006,201.738190,10385871
2017-10-20,219.199997,220.800003,218.600006,220.199997,204.148682,4131886
2017-10-23,221.399994,221.399994,218.399994,219.600006,203.592392,4368690
2017-10-24,219.800003,224.199997,218.800003,220.399994,204.334091,4928214
2017-10-25,221.800003,222.000000,219.199997,220.000000,203.963226,3070019
2017-10-26,218.600006,220.600006,217.399994,218.199997,202.294449,4124656
2017-10-27,218.199997,220.199997,218.199997,219.199997,203.221573,2791453
2017-10-30,220.000000,220.600006,217.000000,217.000000,201.181915,4151413
2017-10-31,216.600006,218.000000,216.399994,217.199997,201.367355,3302284
2017-11-01,218.000000,221.800003,217.800003,221.199997,205.075775,5918204
2017-11-02,222.399994,226.600006,221.600006,223.800003,207.486252,12435549
2017-11-03,225.000000,225.000000,223.399994,224.199997,207.857086,4101081
2017-11-06,223.600006,224.000000,218.399994,224.000000,207.671646,6231597
2017-11-07,223.800003,229.800003,223.199997,228.399994,211.750946,11964133
2017-11-08,227.000000,235.000000,225.199997,227.000000,210.452988,20657152
2017-11-09,229.399994,231.199997,228.000000,230.399994,213.605148,7774930
2017-11-10,229.000000,230.800003,227.800003,229.600006,212.863464,4862064
2017-11-13,228.800003,235.600006,228.800003,235.399994,218.240646,10310279
2017-11-14,235.399994,238.800003,233.600006,235.600006,218.426071,10234219
2017-11-15,234.000000,235.600006,230.000000,230.399994,213.605148,8403128
2017-11-16,231.800003,233.399994,230.000000,233.199997,216.201035,5351355
2017-11-17,234.399994,237.000000,232.199997,233.800003,216.757309,6807787
2017-11-20,233.000000,234.199997,230.199997,232.000000,215.088516,4789032
2017-11-21,232.600006,245.000000,232.000000,244.800003,226.955444,28249975
2017-11-22,249.600006,255.000000,245.399994,254.199997,235.670258,29495133
2017-11-23,254.000000,257.600006,245.199997,248.000000,229.922211,16333165
2017-11-24,248.000000,251.800003,245.399994,247.000000,228.995102,9312794
2017-11-27,245.399994,246.199997,240.800003,240.800003,223.247040,8476147
2017-11-28,239.000000,242.000000,234.600006,240.800003,223.247040,12777803
2017-11-29,242.800003,245.000000,240.000000,240.000000,222.505371,6930926
2017-11-30,238.600006,240.000000,234.800003,235.199997,218.055252,8554488
2017-12-01,237.800003,239.800003,235.600006,235.600006,218.426071,7740160
2017-12-04,235.600006,240.600006,233.600006,235.000000,217.869812,6700903
2017-12-05,233.000000,236.800003,228.800003,228.800003,212.121780,8864835
2017-12-06,230.000000,231.600006,220.000000,220.000000,203.963226,20060811
2017-12-07,222.600006,224.000000,218.600006,223.399994,207.115402,9213222
2017-12-08,223.600006,228.399994,223.199997,227.399994,210.823822,9190464
2017-12-11,228.399994,231.399994,226.600006,231.399994,214.532242,7023633
2017-12-12,229.399994,232.000000,226.800003,228.199997,211.565506,6139525
2017-12-13,229.000000,230.000000,226.600006,229.399994,212.678024,5123378
2017-12-14,230.000000,230.600006,227.600006,229.000000,212.307205,4525675
2017-12-15,226.000000,227.199997,224.399994,226.399994,209.896729,6029698
2017-12-18,228.399994,237.000000,227.399994,236.000000,218.796936,15773184
2017-12-19,238.000000,238.199997,233.199997,233.199997,216.201035,6358460
2017-12-20,233.199997,234.800003,232.199997,232.600006,215.644775,3271080
2017-12-21,232.000000,237.000000,231.600006,235.800003,218.611526,4919831
2017-12-22,236.800003,237.000000,235.600006,236.000000,218.796936,2610519
2017-12-27,237.199997,238.600006,235.399994,236.600006,219.353180,3762430
2017-12-28,237.800003,240.000000,236.600006,240.000000,222.505371,4753410
2017-12-29,240.000000,242.600006,238.600006,239.800003,222.319946,6093304
2018-01-02,242.000000,250.199997,241.800003,250.199997,231.961838,14581940
2018-01-03,251.199997,253.199997,248.199997,249.199997,231.034729,9056401
2018-01-04,251.000000,254.800003,249.000000,254.600006,236.041092,9634560
2018-01-05,254.600006,255.000000,250.600006,253.199997,234.743164,6869879
2018-01-08,255.000000,262.000000,252.600006,262.000000,242.901688,12682949
2018-01-09,260.000000,270.000000,259.799988,269.000000,249.391418,16997073
2018-01-10,268.399994,275.000000,268.000000,271.799988,251.987320,14666939
2018-01-11,271.799988,272.600006,265.600006,268.399994,248.835159,10142463
2018-01-12,271.600006,274.799988,268.200012,274.799988,254.768616,10766870
2018-01-15,280.000000,280.000000,271.200012,272.399994,252.543579,14078612
2018-01-16,272.600006,288.399994,272.600006,288.399994,267.377228,21911252
2018-01-17,285.000000,295.600006,284.200012,295.600006,274.052429,23113632
2018-01-18,296.799988,301.000000,292.600006,297.600006,275.906647,23241009
2018-01-19,297.000000,298.399994,293.000000,294.799988,273.310760,12108548
2018-01-22,295.000000,302.799988,291.799988,301.000000,279.058777,15669544
2018-01-23,303.000000,306.000000,301.799988,303.399994,281.283844,14476834
2018-01-24,302.799988,304.600006,298.200012,301.399994,279.429596,13079378
2018-01-25,300.000000,301.000000,293.000000,293.000000,271.641907,13067563
2018-01-26,295.200012,300.000000,295.200012,297.399994,275.721252,13636703
2018-01-29,299.799988,301.799988,291.600006,292.200012,270.900330,12367229
2018-01-30,291.200012,294.799988,287.000000,288.000000,267.006439,15878685
2018-01-31,285.000000,296.399994,284.399994,296.399994,274.794067,15904686
2018-02-01,296.000000,296.600006,290.200012,290.799988,269.602295,8751050
2018-02-02,288.000000,292.000000,286.000000,289.000000,267.933533,8191863
2018-02-05,278.000000,287.799988,278.000000,286.200012,265.337646,16002487
2018-02-06,276.200012,280.000000,266.600006,266.799988,247.351761,35449216
2018-02-07,276.000000,279.799988,267.399994,267.799988,248.278870,22478974
2018-02-08,267.000000,275.000000,267.000000,271.000000,251.245605,12149785
2018-02-09,260.200012,261.600006,255.199997,258.200012,239.378677,27291859
2018-02-12,260.799988,263.000000,257.000000,258.000000,239.193268,10611228
2018-02-13,263.000000,267.799988,262.000000,266.000000,246.610107,12325390
2018-02-14,267.200012,272.799988,266.000000,272.799988,252.914383,9479635
2018-02-15,276.600006,280.000000,275.799988,280.000000,259.589600,8903961
2018-02-20,278.000000,281.799988,274.200012,277.799988,257.549957,9463176
2018-02-21,277.600006,283.200012,276.600006,283.200012,262.556335,7057229
2018-02-22,280.200012,283.399994,278.200012,280.000000,259.589600,7348437
2018-02-23,283.000000,285.799988,282.000000,285.799988,264.966797,7169074
2018-02-26,290.000000,295.799988,288.200012,295.799988,274.237854,14127138
2018-02-27,296.799988,297.200012,288.799988,289.799988,268.675201,13331855
2018-02-28,287.000000,289.600006,282.200012,284.000000,263.298004,10563349
2018-03-01,281.399994,291.600006,279.600006,291.600006,270.344025,11931731
2018-03-02,285.799988,288.600006,285.000000,285.799988,264.966797,7508021
2018-03-05,285.000000,288.200012,277.200012,277.200012,256.993683,10916574
2018-03-06,282.399994,284.600006,279.000000,283.000000,262.370880,7498437
2018-03-07,279.600006,284.000000,277.600006,278.000000,257.735382,7955406
2018-03-08,281.399994,284.000000,280.200012,283.000000,262.370880,7234540
2018-03-09,285.000000,286.399994,283.200012,284.200012,263.483459,4783908
2018-03-12,288.399994,292.200012,287.000000,292.200012,270.900330,10303133
2018-03-13,291.399994,292.399994,288.200012,291.000000,269.787720,5379331
2018-03-14,288.000000,289.600006,286.000000,289.000000,267.933533,4180331
2018-03-15,286.000000,290.000000,286.000000,289.600006,268.489838,4137276
2018-03-16,286.000000,288.799988,281.799988,282.000000,261.443787,12388994
2018-03-19,281.000000,281.799988,277.000000,277.000000,256.808258,10276314
2018-03-20,274.799988,276.000000,271.000000,274.000000,254.026947,10992593
2018-03-21,275.799988,278.000000,269.200012,269.200012,249.576859,12437388
2018-03-22,270.000000,271.000000,261.399994,264.000000,244.755905,13534962
2018-03-23,255.000000,259.000000,253.600006,256.799988,238.080719,17604382
2018-03-26,255.000000,260.799988,255.000000,260.200012,241.232895,10601261
2018-03-27,264.799988,265.799988,262.200012,263.399994,244.199631,9185432
2018-03-28,260.000000,260.799988,255.000000,255.199997,236.597366,9095751
2018-03-29,255.600006,257.399994,251.800003,255.199997,236.597366,7101895
2018-04-03,253.000000,254.399994,250.000000,252.800003,234.372314,7511452
2018-04-04,253.600006,257.799988,249.000000,249.000000,230.849289,6801059
2018-04-06,251.600006,253.800003,248.000000,250.600006,232.332672,5705905
2018-04-09,251.399994,257.799988,250.399994,255.399994,236.782791,8878147
2018-04-10,254.000000,262.000000,254.000000,260.799988,241.789154,8364158
2018-04-11,260.200012,270.399994,259.200012,264.600006,245.312149,14767252
2018-04-12,267.799988,268.399994,263.000000,265.399994,246.053864,5872297
2018-04-13,267.600006,268.200012,263.000000,264.200012,244.941299,3911527
2018-04-16,264.000000,264.200012,257.000000,258.799988,239.934921,4765153
2018-04-17,258.799988,260.600006,255.000000,255.399994,236.782791,4425555
2018-04-18,258.799988,260.000000,253.800003,255.800003,237.153625,4512418
2018-04-19,257.600006,261.600006,257.200012,260.399994,241.418289,4754777
2018-04-20,259.399994,264.799988,259.000000,260.200012,241.232895,4821027
2018-04-23,260.399994,263.000000,258.000000,258.799988,239.934921,4415320
2018-04-24,258.799988,262.399994,258.600006,262.000000,242.901688,4567776
2018-04-25,261.200012,262.000000,258.000000,259.000000,240.120377,4668828
2018-04-26,258.399994,259.799988,252.199997,254.000000,235.484833,6828794
2018-04-27,254.600006,254.600006,251.000000,252.399994,236.656845,3761029
2018-04-30,254.399994,258.600006,254.000000,257.200012,241.157471,5818673
2018-05-02,258.799988,261.600006,257.399994,259.200012,243.032715,4873772
2018-05-03,259.600006,259.600006,253.399994,257.200012,241.157471,3706279
2018-05-04,257.000000,258.200012,252.399994,254.399994,238.532104,6078197
2018-05-07,255.000000,255.600006,250.199997,252.000000,236.281815,4558702
2018-05-08,253.600006,257.200012,253.199997,256.200012,240.219849,3924062
2018-05-09,256.200012,260.399994,254.600006,257.000000,240.969955,5337220
2018-05-10,260.000000,260.000000,257.200012,258.200012,242.095093,3518522
2018-05-11,260.000000,265.200012,258.799988,262.000000,245.658096,8714188
2018-05-14,265.000000,267.399994,264.200012,265.600006,249.033524,6858179
2018-05-15,266.600006,266.600006,260.600006,261.200012,244.907990,4938098
2018-05-16,260.000000,261.000000,257.799988,260.200012,243.970352,3769587
2018-05-17,262.799988,262.799988,258.000000,259.000000,242.845200,3713418
2018-05-18,260.000000,261.600006,258.399994,259.399994,243.220261,2960855
2018-05-21,261.799988,266.799988,261.799988,262.399994,246.033112,5969377
2018-05-23,261.000000,262.600006,259.399994,259.399994,243.220261,5463245
2018-05-24,260.000000,261.000000,258.000000,260.399994,244.157852,4260724
2018-05-25,260.200012,260.799988,258.600006,260.000000,243.782837,3777819
2018-05-28,261.600006,261.799988,258.799988,260.200012,243.970352,2799061
2018-05-29,259.000000,260.600006,257.000000,257.600006,241.532532,4033673
2018-05-30,254.600006,255.000000,250.399994,252.399994,236.656845,8836679
2018-05-31,254.000000,255.199997,252.000000,253.800003,237.969559,4599390
2018-06-01,256.000000,257.600006,253.399994,253.800003,237.969559,4190966
2018-06-04,255.600006,258.399994,255.000000,257.799988,241.720047,4322159
2018-06-05,256.399994,259.000000,254.800003,258.000000,241.907578,4835935
2018-06-06,258.000000,260.399994,257.399994,258.600006,242.470154,3560059
2018-06-07,261.200012,265.399994,260.799988,263.399994,246.970749,9786650
2018-06-08,261.399994,262.799988,259.200012,260.000000,243.782837,4529256
2018-06-11,259.799988,262.799988,259.200012,261.200012,244.907990,2749068
2018-06-12,260.000000,262.600006,259.200012,260.600006,244.345413,2511219
2018-06-13,260.799988,260.799988,257.399994,257.600006,241.532532,4327445
2018-06-14,256.000000,258.200012,254.000000,255.600006,239.657257,5289458
2018-06-15,255.000000,256.399994,254.600006,255.399994,239.469742,4495212
2018-06-19,252.000000,252.600006,247.199997,247.800003,232.343781,14581497
2018-06-20,248.000000,251.399994,245.000000,248.199997,232.718842,5785575
2018-06-21,248.199997,250.199997,242.199997,244.000000,228.780807,8418594
2018-06-22,241.000000,242.600006,240.000000,242.199997,227.093079,7800273
2018-06-25,242.000000,244.199997,237.600006,239.199997,224.280197,7806101
2018-06-26,237.600006,238.000000,232.600006,236.800003,222.029907,9460374
2018-06-27,237.199997,237.800003,230.000000,230.399994,216.029083,10667129
2018-06-28,230.399994,234.399994,228.000000,232.399994,217.904343,9493211
2018-06-29,232.000000,237.000000,232.000000,236.000000,221.279800,6443177
2018-07-03,231.800003,234.399994,228.399994,233.199997,218.654434,7281331
2018-07-04,233.199997,234.000000,227.600006,229.600006,215.278992,5944471
2018-07-05,230.199997,231.000000,225.199997,227.399994,213.216202,6536464
2018-07-06,228.399994,230.600006,225.399994,228.800003,214.528900,6235965
2018-07-09,232.600006,234.600006,230.600006,233.000000,218.466919,5721784
2018-07-10,234.000000,237.600006,234.000000,234.000000,219.404526,5017550
2018-07-11,229.399994,233.000000,229.399994,231.800003,217.341766,4072204
2018-07-12,231.600006,235.000000,231.399994,233.399994,218.841949,3571513
2018-07-13,236.600006,236.800003,233.800003,234.199997,219.592072,3506651
2018-07-16,236.000000,236.000000,231.600006,233.800003,219.217026,1973291
2018-07-17,231.000000,235.399994,230.800003,232.000000,217.529297,3975458
2018-07-18,235.000000,235.399994,231.600006,233.399994,218.841949,4746059
2018-07-19,233.000000,234.800003,232.199997,232.399994,217.904343,2146768
2018-07-20,230.800003,235.399994,228.399994,234.199997,219.592072,5290323
2018-07-23,234.600006,235.399994,231.800003,234.000000,219.404526,2577466
2018-07-24,232.600006,238.000000,232.600006,237.199997,222.404968,5767927
2018-07-25,238.800003,240.000000,237.600006,239.000000,224.092682,4368799
2018-07-26,240.000000,240.000000,234.600006,237.399994,222.592453,3198554
2018-07-27,238.399994,238.399994,235.000000,236.800003,222.029907,1973567
2018-07-30,235.600006,237.600006,233.199997,235.199997,220.529694,3248728
2018-07-31,238.000000,238.000000,231.000000,231.600006,217.154236,4163626
2018-08-01,231.800003,234.000000,228.600006,229.199997,214.903931,4101549
2018-08-02,228.000000,229.199997,223.000000,224.199997,210.215805,6510709
2018-08-03,224.399994,225.199997,222.600006,224.000000,210.028275,4057089
2018-08-06,224.000000,227.199997,222.600006,224.000000,210.028275,3265071
2018-08-07,225.199997,226.800003,223.199997,226.800003,212.653625,2993739
2018-08-08,227.000000,232.800003,226.000000,229.000000,214.716415,5849061
2018-08-09,228.000000,233.800003,227.399994,232.199997,217.716827,4367938
2018-08-10,233.600006,233.600006,229.000000,230.199997,215.841568,2977230
2018-08-13,227.600006,228.800003,226.600006,227.600006,213.403732,2988025
2018-08-14,227.000000,227.399994,223.399994,224.199997,210.215805,4450471
2018-08-15,224.800003,225.000000,220.000000,220.399994,206.652832,4787903
2018-08-16,217.800003,223.000000,217.399994,218.800003,205.152634,5745034
2018-08-17,221.000000,222.000000,218.199997,220.000000,206.277771,4338080
2018-08-20,221.000000,224.800003,220.399994,224.399994,210.403336,5305766
2018-08-21,221.000000,223.800003,220.199997,221.399994,211.013290,5405961
2018-08-22,220.399994,224.600006,219.000000,223.800003,213.300720,4766873
2018-08-23,224.000000,225.000000,221.399994,222.399994,211.966385,2849350
2018-08-24,220.199997,222.800003,220.000000,221.399994,211.013290,2484256
2018-08-27,223.800003,227.600006,223.000000,226.000000,215.397507,4861229
2018-08-28,230.000000,232.800003,228.399994,230.199997,219.400467,9375339
2018-08-29,230.000000,231.600006,227.800003,229.800003,219.019241,4525150
2018-08-30,231.800003,231.800003,227.399994,228.199997,217.494293,2830609
2018-08-31,225.800003,225.800003,223.199997,223.399994,212.919464,5150120
2018-09-03,222.600006,224.800003,220.800003,222.000000,211.585159,4007340
2018-09-04,221.600006,224.800003,220.600006,224.600006,214.063187,2798190
2018-09-05,223.600006,224.800003,218.800003,219.800003,209.488373,4189898
2018-09-06,219.000000,221.000000,215.600006,217.399994,207.200958,4054288
2018-09-07,216.800003,219.000000,213.199997,216.800003,206.629105,4211542
2018-09-10,216.800003,217.000000,212.000000,214.399994,204.341705,4666347
2018-09-11,214.399994,215.399994,211.000000,211.199997,201.291809,4476545
2018-09-12,211.000000,211.399994,207.399994,209.600006,199.766907,4973226
2018-09-13,213.000000,218.000000,212.800003,218.000000,207.772812,6712518
2018-09-14,220.000000,221.600006,218.000000,221.000000,210.632080,5740435
2018-09-17,217.399994,219.199997,215.800003,217.800003,207.582199,3770928
2018-09-18,217.199997,221.399994,215.399994,220.399994,210.060211,4065959
2018-09-19,220.399994,226.000000,219.399994,224.399994,213.872559,6523329
2018-09-20,226.800003,226.800003,223.600006,225.000000,214.444427,4618558
2018-09-21,226.800003,229.800003,223.000000,229.000000,218.256760,7795846
2018-09-24,228.199997,228.800003,223.600006,224.000000,213.491348,3289511
2018-09-26,223.800003,229.199997,223.800003,227.000000,216.350586,6016068
2018-09-27,228.000000,228.399994,224.199997,226.199997,215.588120,4032300
2018-09-28,227.600006,227.800003,223.399994,224.000000,213.491348,4428713
2018-10-02,226.800003,226.800003,218.199997,218.600006,208.344666,4886938
2018-10-03,218.199997,219.399994,216.199997,217.399994,207.200958,3880773
2018-10-04,216.000000,217.199997,214.399994,214.399994,204.341705,3456331
2018-10-05,212.199997,214.600006,211.000000,213.800003,203.769852,3868274
2018-10-08,214.800003,215.800003,210.000000,210.600006,200.719986,4249380
2018-10-09,211.000000,212.600006,208.600006,210.600006,200.719986,4296880
2018-10-10,210.600006,211.800003,208.800003,208.800003,199.004425,3238930
2018-10-11,200.600006,206.800003,195.600006,196.699997,187.472076,14313440
2018-10-12,198.000000,202.399994,197.500000,201.000000,191.570328,6167062
2018-10-15,200.600006,201.600006,198.000000,199.399994,190.045395,4310053
2018-10-16,201.000000,202.000000,198.000000,199.800003,190.426636,3054423
2018-10-18,208.199997,208.199997,201.399994,202.800003,193.285904,7437505
2018-10-19,200.800003,210.600006,200.199997,209.000000,199.195038,9764832
2018-10-22,209.000000,217.800003,209.000000,216.000000,205.866638,9098932
2018-10-23,218.000000,218.000000,209.000000,209.600006,199.766907,8038331
2018-10-24,213.000000,215.800003,210.399994,211.000000,201.101212,5208755
2018-10-25,207.000000,211.399994,205.800003,210.600006,200.719986,5159519
2018-10-26,211.800003,213.000000,207.000000,208.800003,199.004425,3941704
2018-10-29,212.199997,212.199997,204.600006,205.399994,195.763916,6116019
2018-10-30,203.800003,209.000000,203.199997,204.600006,195.001465,3221387
2018-10-31,205.800003,208.399994,205.000000,208.000000,198.241943,3510957
2018-11-01,213.000000,214.399994,209.000000,213.600006,203.579254,5547425
2018-11-02,221.199997,228.000000,220.600006,227.199997,216.541214,16687938
2018-11-05,224.800003,224.800003,220.000000,221.000000,210.632080,4170461
2018-11-06,222.800003,222.800003,218.800003,221.800003,211.394547,2878255
2018-11-07,221.800003,230.399994,220.000000,224.399994,213.872559,6696239
2018-11-08,227.000000,229.399994,225.399994,227.000000,216.350586,5794673
2018-11-09,227.000000,227.000000,220.199997,221.399994,211.013290,3368767
2018-11-12,222.199997,223.800003,221.000000,222.800003,212.347626,2024085
2018-11-13,217.600006,224.800003,216.199997,224.800003,214.253799,3893338
2018-11-14,227.000000,227.000000,223.600006,225.600006,215.016266,2336716
2018-11-15,226.600006,229.800003,224.000000,229.000000,218.256760,4623745
2018-11-16,229.000000,230.000000,226.000000,228.399994,217.684906,2801169
2018-11-19,228.000000,230.600006,227.399994,228.000000,217.303680,3269400
2018-11-20,227.000000,228.000000,224.000000,224.199997,213.681946,3136237
2018-11-21,224.199997,225.399994,222.000000,225.000000,214.444427,2609684
2018-11-22,226.000000,228.600006,223.000000,226.399994,215.778732,3124021
2018-11-23,226.800003,227.399994,224.600006,226.000000,215.397507,1853028
2018-11-26,228.600006,230.600006,226.800003,229.399994,218.638000,3458806
2018-11-27,229.600006,230.000000,226.800003,228.199997,217.494293,2517837
2018-11-28,229.199997,230.600006,227.800003,230.399994,219.591080,3239279
2018-11-29,231.800003,232.000000,227.800003,228.199997,217.494293,3077753
2018-11-30,228.800003,229.399994,227.600006,228.000000,217.303680,3034537
2018-12-03,233.000000,235.800003,231.600006,235.000000,223.975266,8370860
2018-12-04,234.000000,239.800003,233.800003,239.800003,228.550110,6523305
2018-12-05,235.000000,237.000000,233.800003,235.800003,224.737762,3800223
2018-12-06,233.199997,234.000000,228.399994,231.000000,220.162918,5613686
2018-12-07,235.000000,235.000000,229.000000,229.000000,218.256760,3585495
2018-12-10,227.199997,227.600006,223.199997,225.399994,214.825638,3512641
2018-12-11,226.000000,228.399994,225.000000,227.000000,216.350586,1983323
2018-12-12,228.800003,230.800003,226.199997,230.000000,219.209854,3213661
2018-12-13,231.399994,234.600006,230.800003,234.199997,223.212814,3900959
2018-12-14,231.600006,232.800003,231.000000,232.199997,221.306641,2513495
2018-12-17,233.000000,233.199997,230.399994,231.199997,220.353561,2638882
2018-12-18,231.000000,232.600006,228.600006,229.600006,218.828613,3166073
2018-12-19,231.399994,231.399994,230.000000,231.399994,220.544174,2092546
2018-12-20,231.199997,232.000000,226.399994,227.600006,216.922440,3106009
2018-12-21,227.000000,229.000000,224.199997,228.199997,217.494293,4268967
2018-12-24,226.199997,227.600006,225.000000,227.600006,216.922440,972560
2018-12-27,228.000000,231.199997,224.600006,225.199997,214.635040,2560428
2018-12-28,225.199997,227.000000,223.800003,225.199997,214.635040,2254031
2018-12-31,227.000000,229.000000,226.000000,226.600006,215.969360,1728360
2019-01-02,228.600006,228.600006,221.199997,222.000000,211.585159,3769442
2019-01-03,223.000000,223.800003,218.800003,221.199997,210.822693,3193250
2019-01-04,221.000000,227.000000,220.000000,227.000000,216.350586,3875208
2019-01-07,230.000000,232.000000,228.800003,231.000000,220.162918,3896748
2019-01-08,231.399994,231.600006,228.399994,229.199997,218.447388,1947544
2019-01-09,232.199997,237.000000,229.800003,235.800003,224.737762,6392848
2019-01-10,232.600006,236.000000,231.399994,234.000000,223.022186,3132511
2019-01-11,235.199997,235.600006,233.600006,235.000000,223.975266,2304079
2019-01-14,235.000000,235.600006,231.000000,233.199997,222.259720,1736782
2019-01-15,234.199997,237.000000,233.000000,237.000000,225.881439,3615384
2019-01-16,234.600006,238.600006,234.600006,238.600006,227.406387,3005275
2019-01-17,239.000000,240.600006,237.199997,238.199997,227.025146,3923574
2019-01-18,239.600006,240.399994,238.199997,239.399994,228.168869,4191019
2019-01-21,242.000000,245.399994,240.800003,243.000000,231.599976,6480424
2019-01-22,242.199997,243.800003,239.600006,241.000000,229.693802,3253243
2019-01-23,241.000000,242.800003,239.199997,240.199997,228.931320,2139092
2019-01-24,242.000000,242.000000,239.399994,240.199997,228.931320,1571518
2019-01-25,241.600006,243.600006,241.000000,242.800003,231.409378,3070120
2019-01-28,243.600006,245.000000,242.000000,244.000000,232.553055,3502077
2019-01-29,243.600006,243.800003,240.199997,242.000000,230.646881,2930018
2019-01-30,243.800003,243.800003,239.800003,241.199997,229.884399,3164923
2019-01-31,244.000000,244.600006,242.600006,244.000000,232.553055,3549117
2019-02-01,245.600006,246.000000,242.000000,243.600006,232.171829,2931515
2019-02-04,245.199997,245.199997,241.199997,243.800003,232.362442,1656368
2019-02-08,243.800003,243.800003,240.199997,240.800003,229.503204,2925165
2019-02-11,240.800003,242.199997,238.399994,241.800003,230.456284,2820420
2019-02-12,245.199997,253.000000,244.000000,252.000000,240.177750,14083664
2019-02-13,256.000000,260.399994,254.000000,258.799988,246.658707,12189940
2019-02-14,258.200012,259.000000,256.000000,257.799988,245.705627,4564838
2019-02-15,256.399994,257.000000,250.399994,251.000000,239.224670,5994014
2019-02-18,255.000000,255.600006,252.000000,253.000000,241.130844,4173119
2019-02-19,255.000000,261.399994,253.000000,257.399994,245.324402,7451538
2019-02-20,258.399994,260.200012,257.200012,260.000000,247.802429,5470103
2019-02-21,260.399994,266.000000,258.600006,264.000000,251.614761,8224236
2019-02-22,264.600006,266.799988,262.600006,266.799988,254.283432,5309204
2019-02-25,269.399994,275.000000,268.200012,273.799988,260.955017,11793378
2019-02-26,276.000000,276.799988,269.600006,270.000000,257.333282,9302240
2019-02-27,273.000000,277.600006,267.200012,268.000000,255.427109,12288419
2019-02-28,266.200012,274.600006,266.000000,270.600006,257.905151,7309971
2019-03-01,273.799988,275.399994,270.600006,275.399994,262.479950,6925893
2019-03-04,275.600006,281.000000,275.200012,279.200012,266.101715,9818688
2019-03-05,278.399994,280.600006,275.399994,277.600006,264.576782,5117149
2019-03-06,276.399994,279.399994,276.000000,278.600006,265.529846,3972790
2019-03-07,275.799988,277.399994,270.200012,271.600006,258.858246,5616006
2019-03-08,269.000000,269.799988,264.399994,266.600006,254.092804,6030242
2019-03-11,267.799988,272.200012,267.399994,272.200012,259.430115,5018939
2019-03-12,273.000000,278.200012,272.200012,277.399994,267.402008,7856320
2019-03-13,277.399994,277.799988,273.799988,275.399994,265.474060,4898352
2019-03-14,277.000000,277.600006,272.000000,272.399994,262.582245,3801515
2019-03-15,272.200012,277.399994,272.000000,274.799988,264.895721,4627171
2019-03-18,277.399994,281.799988,276.200012,280.600006,270.486694,6892674
2019-03-19,281.000000,281.000000,275.399994,278.399994,268.365967,4220149
2019-03-20,276.200012,278.000000,273.399994,274.000000,264.124542,4526182
2019-03-21,275.799988,276.000000,271.399994,272.000000,262.196655,4597321
2019-03-22,275.200012,275.399994,270.600006,272.799988,262.967834,3678448
2019-03-25,266.000000,269.200012,264.600006,265.399994,255.834518,7259875
2019-03-26,266.600006,268.399994,264.200012,265.799988,256.220093,4033667
2019-03-27,265.799988,269.200012,265.799988,268.200012,258.533630,3657578
2019-03-28,267.399994,268.600006,263.200012,267.399994,257.762421,3917147
2019-03-29,269.000000,274.000000,268.200012,273.600006,263.739014,5012767
2019-04-01,275.399994,278.000000,275.399994,277.600006,267.594818,5464137
2019-04-02,279.200012,280.799988,277.600006,278.600006,268.558777,5712247
2019-04-03,280.000000,281.000000,278.600006,280.799988,270.679443,6455536
2019-04-04,280.600006,280.600006,277.000000,280.000000,269.908295,3775903
2019-04-08,281.000000,286.200012,280.600006,285.399994,275.113678,9742701
2019-04-09,284.200012,285.799988,281.600006,282.399994,272.221802,6048539
2019-04-10,280.000000,281.399994,277.600006,281.000000,270.872284,3513667
2019-04-11,282.000000,282.600006,276.799988,277.000000,267.016449,4360055
2019-04-12,277.000000,278.000000,274.000000,276.600006,266.630859,3702156
2019-04-15,278.600006,282.000000,274.000000,274.399994,264.510132,4516909
2019-04-16,276.200012,279.000000,274.000000,278.000000,267.980377,2819680
2019-04-17,279.000000,279.000000,275.200012,278.000000,267.980377,2441744
2019-04-18,278.000000,278.000000,276.000000,277.200012,267.209229,2404346
2019-04-23,275.200012,279.399994,273.200012,277.000000,267.016449,2924776
2019-04-24,277.200012,278.600006,273.000000,273.399994,263.546173,4319162
2019-04-25,273.000000,274.600006,270.399994,270.399994,260.654327,3151898
2019-04-26,270.399994,273.000000,270.399994,272.799988,262.967834,2767078
2019-04-29,273.799988,274.600006,271.799988,273.799988,263.931732,2269043
2019-04-30,273.799988,273.799988,270.000000,272.000000,262.196655,2682273
2019-05-02,270.000000,278.799988,270.000000,276.799988,266.823639,5042004
2019-05-03,277.399994,279.799988,274.000000,278.200012,268.173218,2822914
2019-05-06,267.200012,269.200012,265.000000,266.000000,256.412872,10175617
2019-05-07,268.000000,268.000000,262.399994,265.200012,255.641724,4986155
2019-05-08,261.000000,266.200012,260.399994,261.000000,251.593109,5314692
2019-05-09,258.799988,259.600006,247.399994,248.000000,239.061646,15028277
2019-05-10,251.000000,255.000000,246.000000,252.000000,242.917480,8571879
2019-05-14,245.000000,250.000000,244.600006,247.199997,238.290482,7973803
2019-05-15,248.000000,251.600006,248.000000,248.000000,239.061646,3573988
2019-05-16,247.399994,249.399994,245.800003,247.600006,238.676071,2492994
2019-05-17,249.600006,249.600006,243.199997,244.600006,235.784195,5062871
2019-05-20,243.000000,244.800003,239.000000,242.199997,233.470688,6929731
2019-05-21,242.000000,247.800003,242.000000,244.600006,235.784195,3884374
2019-05-22,247.600006,250.600006,245.800003,249.600006,240.603989,5474427
2019-05-23,246.000000,247.800003,245.399994,246.399994,237.519302,3954349
2019-05-24,248.800003,249.399994,246.000000,248.000000,239.061646,4139230
2019-05-27,248.000000,251.399994,246.000000,249.199997,240.218399,3333694
2019-05-28,252.600006,258.000000,252.399994,254.600006,245.423782,8357125
2019-05-29,257.000000,257.799988,253.600006,255.399994,246.194931,5094020
2019-05-30,256.000000,256.200012,250.800003,251.600006,242.531891,5822690
2019-05-31,250.000000,253.000000,247.600006,249.399994,240.411179,3699876
2019-06-03,247.399994,248.399994,243.600006,246.600006,237.712112,3565386
2019-06-04,249.399994,249.399994,244.199997,244.600006,235.784195,4049820
2019-06-05,249.000000,250.399994,246.800003,248.800003,239.832825,4742195
2019-06-06,250.000000,254.000000,249.399994,250.600006,241.567947,4017953
2019-06-10,257.000000,258.000000,253.199997,258.000000,248.701218,6555626
2019-06-11,259.799988,266.799988,259.000000,264.799988,255.256134,8382651
2019-06-12,262.000000,262.200012,258.399994,259.200012,249.858002,4844931
2019-06-13,258.200012,262.799988,255.000000,262.399994,252.942642,5744564
2019-06-14,261.600006,262.399994,258.200012,260.399994,251.014725,3299767
2019-06-17,263.399994,264.799988,261.600006,263.799988,254.292160,5284843
2019-06-18,265.399994,271.200012,264.200012,271.000000,261.232697,11479952
2019-06-19,278.000000,278.600006,275.600006,277.799988,267.787598,9060410
2019-06-20,277.799988,279.000000,276.000000,278.200012,268.173218,5070032
2019-06-21,278.000000,278.600006,274.399994,276.799988,266.823639,6527586
2019-06-24,275.200012,279.000000,275.200012,276.399994,266.438049,3057332
2019-06-25,276.399994,277.000000,271.600006,272.200012,262.389465,4373997
2019-06-26,271.000000,275.600006,270.799988,273.200012,263.353424,2404531
2019-06-27,275.000000,277.000000,274.000000,277.000000,267.016449,3463492
2019-06-28,277.000000,277.000000,272.600006,275.799988,265.859650,3182699
2019-07-02,280.000000,282.000000,279.000000,280.000000,269.908295,5599283
2019-07-03,280.000000,280.000000,278.000000,279.600006,269.522736,2247413
2019-07-04,278.399994,281.200012,278.000000,278.000000,267.980377,2148082
2019-07-05,278.000000,279.000000,275.600006,278.399994,268.365967,1782118
2019-07-08,276.000000,276.000000,272.200012,274.200012,264.317352,2939232
2019-07-09,272.399994,274.000000,270.200012,270.600006,260.847107,3525973
2019-07-10,272.200012,274.200012,270.799988,270.799988,261.039917,2564475
2019-07-11,273.200012,274.600006,272.200012,273.399994,263.546173,2098834
2019-07-12,274.799988,276.000000,272.799988,275.399994,265.474060,2715160
2019-07-15,272.000000,273.399994,269.399994,272.200012,262.389465,6003246
2019-07-16,272.200012,274.799988,272.200012,273.600006,263.739014,2521320
2019-07-17,272.000000,273.799988,270.799988,273.600006,263.739014,1778548
2019-07-18,271.600006,273.399994,271.600006,273.000000,263.160614,1401058
2019-07-19,274.000000,274.799988,271.000000,273.399994,263.546173,4145022
2019-07-22,272.000000,272.399994,265.399994,266.600006,256.991272,6150997
2019-07-23,266.200012,268.000000,266.000000,267.399994,257.762421,2320258
2019-07-24,267.399994,270.399994,265.399994,266.799988,257.184052,4683963
2019-07-25,265.799988,270.000000,265.000000,268.799988,259.111969,3011046
2019-07-26,268.000000,270.200012,267.399994,268.600006,258.919189,2074046
2019-07-29,267.000000,268.000000,263.200012,265.000000,255.448929,3426922
2019-07-30,267.000000,267.799988,265.399994,266.399994,256.798462,2813202
2019-07-31,264.000000,266.399994,262.200012,265.600006,256.027313,2547077
2019-08-01,261.799988,266.799988,261.799988,264.600006,255.063339,3779697
2019-08-02,259.600006,261.000000,254.199997,256.200012,246.966125,8133449
2019-08-05,250.399994,252.000000,247.199997,247.800003,238.868866,8476649
2019-08-06,238.000000,245.600006,238.000000,244.800003,235.976990,11988318
2019-08-07,243.199997,246.800003,241.800003,246.600006,237.712112,4839857
2019-08-08,244.800003,248.800003,244.800003,246.800003,237.904907,4542579
2019-08-09,249.199997,249.399994,241.800003,242.199997,233.470688,4886283
2019-08-12,240.800003,241.800003,239.399994,239.800003,231.157196,4997493
2019-08-13,236.199997,237.199997,233.399994,234.000000,225.566223,7937918
2019-08-14,240.000000,240.800003,231.199997,235.199997,226.722977,6228560
2019-08-15,231.199997,239.399994,230.000000,238.000000,229.422058,9130954
2019-08-16,237.199997,245.199997,236.000000,245.000000,236.169769,8368065
2019-08-19,245.399994,253.600006,245.399994,252.800003,243.688644,8629233
2019-08-20,251.000000,253.399994,250.199997,252.399994,243.303055,4690382
2019-08-21,251.000000,254.399994,249.800003,254.399994,245.230972,3249303
2019-08-22,255.199997,255.600006,250.600006,251.600006,242.531891,3724510
2019-08-23,249.399994,253.000000,249.199997,252.399994,243.303055,2818063
2019-08-26,242.600006,247.399994,241.199997,247.000000,238.097687,5555816
2019-08-27,244.199997,245.600006,240.199997,241.399994,236.257721,3915166
2019-08-28,243.000000,243.000000,240.199997,241.600006,236.453476,2653818
2019-08-29,243.399994,243.399994,239.800003,242.399994,237.236420,2770727
2019-08-30,245.000000,245.000000,238.000000,240.000000,234.887558,4213790
2019-09-02,239.800003,240.000000,236.800003,237.600006,232.538696,3248019
2019-09-03,237.000000,239.600006,235.399994,236.800003,231.755722,3190522
2019-09-04,235.600006,250.000000,235.600006,248.000000,242.717133,11937487
2019-09-05,247.600006,254.000000,243.199997,247.199997,241.934189,7276313
2019-09-06,251.800003,254.800003,248.600006,249.399994,244.087311,5851775
2019-09-09,249.800003,252.000000,248.399994,249.399994,244.087311,2880620
2019-09-10,250.000000,250.800003,244.399994,245.199997,239.976791,3378697
2019-09-11,243.600006,246.000000,239.199997,246.000000,240.759735,7821852
2019-09-12,238.000000,240.000000,236.600006,237.399994,232.342941,19915954
2019-09-13,238.000000,241.399994,236.800003,240.800003,235.670517,9292271
2019-09-16,238.000000,239.000000,234.399994,235.000000,229.994080,10297582
2019-09-17,235.199997,235.800003,231.399994,232.600006,227.645187,6845012
2019-09-18,232.800003,234.800003,232.600006,233.199997,228.232407,3449299
2019-09-19,234.600006,234.600006,229.600006,230.199997,225.296310,5889296
2019-09-20,230.000000,232.600006,229.600006,230.199997,225.296310,3466929
2019-09-23,228.399994,230.000000,224.199997,225.800003,220.990036,9032814
2019-09-24,225.800003,226.800003,223.199997,225.800003,220.990036,6710108
2019-09-25,224.000000,225.000000,222.000000,222.600006,217.858215,4760528
2019-09-26,224.399994,225.800003,223.800003,225.199997,220.402832,6096681
2019-09-27,225.199997,227.199997,223.000000,226.800003,221.968735,3816536
2019-09-30,227.000000,232.600006,225.800003,230.000000,225.100571,9225860
2019-10-02,227.000000,228.800003,225.399994,228.399994,223.534653,5354953
2019-10-03,225.600006,230.000000,225.000000,229.399994,224.513351,3391158
2019-10-04,229.000000,229.199997,224.000000,226.000000,221.185791,3964996
2019-10-08,232.199997,234.199997,228.000000,231.199997,226.275009,9642402
2019-10-09,228.399994,230.800003,227.399994,229.600006,224.709106,5532961
2019-10-10,230.199997,233.800003,228.600006,232.000000,227.057968,4659778
2019-10-11,234.000000,238.600006,233.800003,237.199997,232.147202,8524168
2019-10-14,237.399994,238.399994,235.800003,237.199997,232.147202,5249208
2019-10-15,239.000000,239.000000,235.399994,236.399994,231.364243,3134601
2019-10-16,236.000000,237.199997,234.199997,236.199997,231.168503,3779805
2019-10-17,235.600006,237.199997,234.399994,237.000000,231.951462,3279760
2019-10-18,238.000000,240.600006,237.199997,238.199997,233.125885,8140371
2019-10-21,239.199997,243.199997,239.000000,242.600006,237.432175,7348182
2019-10-22,243.000000,243.000000,241.800003,242.199997,237.040695,3100384
2019-10-23,243.000000,243.000000,238.000000,241.199997,236.061996,3302937
2019-10-24,242.000000,242.199997,239.199997,240.800003,235.670517,2065159
2019-10-25,240.000000,242.399994,238.399994,241.199997,236.061996,3179476
2019-10-28,241.000000,243.600006,241.000000,243.199997,238.019394,3413294
2019-10-29,244.199997,245.000000,241.000000,242.399994,237.236420,4444556
2019-10-30,242.399994,243.600006,240.000000,241.000000,235.866257,2005068
2019-10-31,242.600006,248.600006,242.600006,245.000000,239.781052,5123308
2019-11-01,244.000000,248.000000,244.000000,247.399994,242.129929,4008625
2019-11-04,248.399994,250.000000,248.000000,250.000000,244.674545,3910008
2019-11-05,250.000000,251.000000,248.199997,250.199997,244.870270,3748487
2019-11-06,250.399994,251.600006,247.399994,251.199997,245.848969,3679425
2019-11-07,251.199997,253.000000,249.399994,253.000000,247.610641,3674967
2019-11-08,254.000000,254.399994,252.399994,254.000000,248.589340,3823799
2019-11-11,249.800003,253.199997,244.600006,246.199997,240.955490,7858338
2019-11-12,248.600006,249.000000,244.399994,247.399994,242.129929,4255444
2019-11-13,240.000000,244.199997,240.000000,242.199997,237.040695,5677552
2019-11-14,240.600006,245.199997,240.399994,242.000000,236.844955,4304165
2019-11-15,243.600006,245.000000,239.600006,240.800003,235.670517,3209605
2019-11-18,241.000000,246.600006,241.000000,245.000000,239.781052,3368170
2019-11-19,246.000000,252.000000,244.199997,251.800003,246.436203,7284067
2019-11-20,250.000000,250.000000,247.600006,249.199997,243.891571,4472866
2019-11-21,246.199997,247.399994,243.199997,246.199997,240.955490,3844250
2019-11-22,247.000000,248.000000,244.600006,245.800003,240.564011,2788059
2019-11-25,249.199997,252.800003,247.000000,249.600006,244.283066,5859970
2019-11-26,254.000000,254.199997,247.399994,248.600006,243.304367,3843619
2019-11-27,249.000000,249.600006,247.000000,248.199997,242.912872,2664183
2019-11-28,245.399994,251.000000,245.399994,250.399994,245.066010,3312654
2019-11-29,246.199997,250.000000,246.199997,247.199997,241.934189,4082342
2019-12-02,248.000000,249.199997,247.399994,247.600006,242.325668,3412698
2019-12-03,247.199997,249.399994,245.199997,247.399994,242.129929,3128350
2019-12-04,246.000000,246.600006,244.600006,245.000000,239.781052,2908526
2019-12-05,246.199997,247.000000,243.399994,244.000000,238.802353,1961298
2019-12-06,246.000000,247.800003,245.000000,247.600006,242.325668,2809842
2019-12-09,246.399994,248.199997,245.399994,246.800003,241.542709,1801287
2019-12-10,247.000000,247.199997,244.399994,245.399994,240.172531,1776040
2019-12-11,244.000000,245.800003,241.000000,245.800003,240.564011,3154389
2019-12-12,248.000000,251.800003,247.000000,249.800003,244.478806,5052908
2019-12-13,253.000000,255.399994,251.600006,255.399994,249.959503,7323135
2019-12-16,253.800003,254.600006,251.399994,251.800003,246.436203,2700134
2019-12-17,250.800003,257.799988,250.800003,256.600006,251.133957,5239678
2019-12-18,257.799988,259.799988,255.000000,257.600006,252.112656,4246874
2019-12-19,257.799988,258.000000,254.000000,255.000000,249.568024,2999820
2019-12-20,255.000000,256.399994,253.399994,256.399994,250.938202,6306235
2019-12-23,257.399994,257.600006,254.199997,255.800003,250.350983,2917476
2019-12-24,255.399994,256.000000,251.600006,253.399994,248.002106,1936533
2019-12-27,254.800003,257.600006,254.199997,256.799988,251.329666,2508285
2019-12-30,257.000000,258.799988,255.000000,256.200012,250.742493,3355919
2019-12-31,256.000000,256.399994,252.199997,253.000000,247.610641,1901889
2020-01-02,253.399994,262.799988,252.399994,260.399994,254.852982,7135253
2020-01-03,264.000000,270.399994,264.000000,266.600006,260.920929,10823930
2020-01-06,266.200012,270.600006,265.000000,268.600006,262.878326,5701213
2020-01-07,271.799988,272.000000,268.600006,269.799988,264.052734,3501948
2020-01-08,267.799988,268.799988,265.200012,268.200012,262.486877,4634563
2020-01-09,274.200012,274.799988,271.000000,274.799988,268.946228,5823897
2020-01-10,274.799988,275.000000,272.799988,275.000000,269.141998,3352012
2020-01-13,276.600006,280.600006,275.000000,280.200012,274.231232,6789892
2020-01-14,282.200012,282.399994,276.600006,277.600006,271.686615,4719690
2020-01-15,276.200012,279.799988,274.200012,279.799988,273.839722,3981073
2020-01-16,280.000000,281.600006,276.399994,278.000000,272.078094,3373083
2020-01-17,279.600006,280.799988,277.000000,280.000000,274.035461,2849141
2020-01-20,281.000000,283.600006,279.000000,280.200012,274.231232,5339574
2020-01-21,279.600006,280.000000,270.399994,271.799988,266.010132,7716198
2020-01-22,271.799988,275.000000,269.799988,275.000000,269.141998,3526956
2020-01-23,273.200012,274.399994,266.399994,269.399994,263.661285,4943325
2020-01-24,270.000000,272.000000,268.399994,271.399994,265.618683,1650852
2020-01-29,262.000000,266.399994,261.600006,263.799988,258.180573,5600820
2020-01-30,265.000000,266.200012,255.399994,258.000000,252.504120,5688105
2020-01-31,263.000000,263.000000,258.600006,258.799988,253.287079,5022051
2020-02-03,256.399994,261.600006,256.000000,260.399994,254.852982,4114799
2020-02-04,258.399994,264.799988,258.399994,264.000000,258.376312,5738311
2020-02-05,266.000000,266.799988,263.200012,266.600006,260.920929,6371086
2020-02-06,270.000000,274.799988,269.399994,273.000000,267.184601,7939798
2020-02-07,273.000000,273.000000,267.200012,270.600006,264.835724,3445259
2020-02-10,267.799988,269.799988,267.000000,268.399994,262.682587,2822520
2020-02-11,270.000000,271.000000,267.600006,270.200012,264.444275,3420248
2020-02-12,272.000000,272.399994,269.399994,270.399994,264.639984,2975436
2020-02-13,272.000000,272.000000,267.200012,268.799988,263.074036,3371279
2020-02-14,267.200012,271.000000,267.200012,269.600006,263.857025,2100590
2020-02-17,270.000000,273.000000,269.600006,272.799988,266.988831,2727836
2020-02-18,272.600006,272.600006,269.000000,270.000000,264.248505,2088046
2020-02-19,271.799988,271.799988,269.399994,270.399994,264.639984,1789838
2020-02-20,271.799988,271.799988,267.000000,271.399994,265.618683,3235987
2020-02-21,270.399994,271.000000,266.200012,267.600006,261.899628,3685494
2020-02-24,265.000000,265.000000,259.600006,260.799988,255.244476,6114497
2020-02-25,260.000000,262.399994,258.200012,261.799988,256.223175,4172326
2020-02-26,258.000000,261.000000,257.000000,259.799988,254.265778,3885392
2020-02-27,259.799988,260.799988,256.200012,260.799988,255.244476,4145590
2020-02-28,256.399994,257.200012,250.000000,255.800003,250.350983,8706351
2020-03-02,256.200012,258.000000,253.199997,254.800003,249.372284,5124136
2020-03-03,258.000000,260.000000,255.399994,257.000000,251.525421,4638528
2020-03-04,256.000000,257.000000,253.600006,255.199997,249.763779,4806574
2020-03-05,257.200012,260.000000,255.000000,259.600006,254.070053,6438732
2020-03-06,257.799988,258.399994,255.199997,255.399994,249.959503,3210325
2020-03-09,251.399994,251.800003,248.000000,248.000000,242.717133,8555533
2020-03-10,248.800003,252.000000,245.399994,250.600006,245.261765,7200182
2020-03-11,249.000000,249.600006,246.399994,246.600006,244.261337,4461430
2020-03-12,243.000000,244.600006,237.000000,238.399994,236.139099,7937671
2020-03-13,230.000000,239.800003,226.000000,238.199997,235.940994,12435490
2020-03-16,231.800003,234.600006,228.000000,228.600006,226.432053,8727347
2020-03-17,228.000000,232.199997,223.800003,231.199997,229.007385,8224395
2020-03-18,232.000000,234.600006,221.800003,221.800003,219.696533,9442867
2020-03-19,218.199997,220.199997,206.000000,213.000000,210.979980,17920360
2020-03-20,217.800003,221.800003,215.800003,218.000000,215.932571,13621900
2020-03-23,209.000000,215.000000,208.800003,211.399994,209.395157,9343515
2020-03-24,218.199997,224.000000,217.600006,223.800003,221.677567,9158338
2020-03-25,230.600006,233.000000,227.800003,232.000000,229.799789,9657066
2020-03-26,234.000000,234.000000,228.600006,231.800003,229.601700,6661467
2020-03-27,236.000000,237.800003,231.800003,234.600006,232.375153,6793499
2020-03-30,228.800003,235.000000,228.800003,232.000000,229.799789,5956231
2020-03-31,237.000000,237.000000,231.000000,233.800003,231.582733,4822887
2020-04-01,236.600006,236.600006,228.600006,231.000000,228.809280,5251052
2020-04-02,231.000000,235.000000,229.199997,235.000000,232.771347,3364568
2020-04-03,232.600006,236.600006,232.600006,236.399994,234.158066,4059519
2020-04-06,238.000000,240.399994,234.800003,240.399994,238.120132,4420068
2020-04-07,244.000000,244.399994,241.199997,243.800003,241.487900,4519948
2020-04-08,241.399994,243.399994,240.399994,242.399994,240.101166,2749718
2020-04-09,244.800003,248.399994,243.399994,247.399994,245.053741,5242656
2020-04-14,247.199997,250.000000,246.800003,249.399994,247.034775,3125430
2020-04-15,250.000000,251.199997,245.199997,247.000000,244.657547,4256171
2020-04-16,245.800003,247.000000,243.199997,244.800003,242.478409,3539366
2020-04-17,250.000000,250.800003,245.399994,247.000000,244.657547,3211940
2020-04-20,247.199997,248.000000,243.800003,244.199997,241.884094,2460706
2020-04-21,247.000000,247.000000,239.600006,242.399994,240.101166,3520232
2020-04-22,240.000000,243.000000,239.000000,242.600006,240.299271,2765730
2020-04-23,246.000000,246.199997,242.199997,244.399994,242.082199,3198414
2020-04-24,242.000000,245.000000,241.800003,245.000000,242.676514,2235381
2020-04-27,245.600006,247.199997,245.000000,247.000000,244.657547,2532890
2020-04-28,248.000000,252.800003,246.600006,252.600006,250.204437,5517186
2020-04-29,253.000000,254.600006,252.000000,252.000000,249.610123,3347887
2020-05-04,247.000000,247.000000,244.000000,246.399994,244.063232,4951916
2020-05-05,249.600006,253.600006,247.199997,253.600006,251.194962,4326301
2020-05-06,252.000000,255.000000,252.000000,253.399994,250.996841,4521808
2020-05-07,253.800003,253.800003,243.000000,246.399994,244.063232,9624132
2020-05-08,248.399994,248.399994,242.199997,242.800003,240.497375,8393554
2020-05-11,246.000000,251.600006,245.800003,250.000000,247.629089,6513615
2020-05-12,251.000000,252.399994,248.399994,251.600006,249.213928,5180274
2020-05-13,250.399994,255.399994,249.399994,254.600006,252.185471,4837463
2020-05-14,252.600006,252.800003,249.199997,249.600006,247.232895,3363018
2020-05-15,249.800003,253.000000,248.399994,252.399994,250.006317,2579800
2020-05-18,251.399994,256.000000,251.399994,254.800003,252.383575,3630823
2020-05-19,261.000000,266.399994,260.799988,265.200012,262.684967,11463810
2020-05-20,264.799988,268.799988,262.799988,265.799988,263.279236,6248734
2020-05-21,270.000000,274.600006,269.799988,271.000000,268.429932,12803810
2020-05-22,267.200012,267.399994,257.600006,259.000000,256.543732,13517560
2020-05-25,258.000000,275.000000,255.000000,275.000000,272.391998,14691440
2020-05-26,278.000000,280.799988,272.399994,272.399994,269.816650,9395396
2020-05-27,275.600006,277.200012,269.399994,272.799988,270.212860,6831271
2020-05-28,271.799988,272.399994,264.000000,269.600006,267.043213,10499380
2020-05-29,265.200012,274.399994,265.200012,270.200012,267.637543,6496883
2020-06-01,279.000000,283.600006,276.200012,282.799988,280.118011,15034160
2020-06-02,285.000000,288.600006,283.200012,288.000000,285.268707,12036790
2020-06-03,291.000000,294.399994,289.200012,292.399994,289.626984,11716820
2020-06-04,295.200012,295.399994,289.200012,292.000000,289.230774,6971498
2020-06-05,291.600006,294.799988,290.200012,294.200012,291.409912,7169644
2020-06-08,295.000000,298.799988,292.000000,292.799988,290.023193,8429072
2020-06-09,293.000000,296.000000,290.399994,290.799988,288.042145,8360605
2020-06-10,294.000000,297.000000,293.000000,296.399994,293.589050,6524580
2020-06-11,297.600006,299.600006,294.399994,294.399994,291.608002,9078417
2020-06-12,289.000000,296.200012,288.399994,296.200012,293.390961,6301599
2020-06-15,293.600006,296.399994,286.200012,287.399994,284.674408,8343223
2020-06-16,293.200012,295.799988,292.799988,295.799988,292.994720,5745974
2020-06-17,299.000000,299.000000,292.200012,293.600006,290.815613,5893851
2020-06-18,294.799988,296.000000,290.200012,296.000000,293.192841,7694884
2020-06-19,296.000000,300.799988,295.799988,300.399994,297.551117,12513822
2020-06-22,300.399994,312.000000,299.799988,311.600006,308.644897,12955660
2020-06-23,315.000000,320.000000,306.000000,320.000000,316.965240,12959880
2020-06-24,320.000000,321.799988,317.000000,317.799988,314.786102,6410223
2020-06-26,319.600006,321.799988,316.000000,319.399994,316.370911,5938642
2020-06-29,318.000000,321.000000,316.799988,320.000000,316.965240,5694721
2020-06-30,321.600006,332.200012,320.000000,330.000000,326.870392,11224540
2020-07-02,333.000000,350.000000,331.399994,350.000000,346.680725,13069600
2020-07-03,350.000000,354.399994,341.000000,345.399994,342.124359,10697868
2020-07-06,346.000000,355.000000,345.399994,353.399994,350.048492,9104748
2020-07-07,355.000000,360.000000,347.000000,347.799988,344.501587,9460517
2020-07-08,350.000000,358.000000,348.200012,358.000000,354.604858,7153071
2020-07-09,360.000000,371.000000,358.600006,370.600006,367.085358,9399595
2020-07-10,366.200012,373.600006,362.200012,363.799988,360.349854,8028498
2020-07-13,364.000000,369.600006,361.200012,361.200012,357.774536,8063068
2020-07-14,356.000000,359.399994,350.000000,355.799988,352.425720,8730639
2020-07-15,365.000000,365.000000,353.200012,356.600006,353.218140,5872640
2020-07-16,356.399994,356.799988,335.399994,336.200012,333.011627,10573670
2020-07-17,339.000000,348.799988,339.000000,346.799988,343.511078,6100371
2020-07-20,349.600006,352.200012,341.600006,346.000000,342.718658,3935782
2020-07-21,365.799988,380.000000,359.799988,380.000000,376.396210,14526190
2020-07-22,380.000000,381.000000,361.000000,361.200012,357.774536,7919604
2020-07-23,366.000000,375.799988,364.399994,375.799988,372.236023,8663758
2020-07-24,371.000000,371.799988,358.200012,360.399994,356.982086,8702497
2020-07-27,361.600006,366.000000,351.200012,353.799988,350.444672,7739812
2020-07-28,360.000000,367.399994,359.000000,363.200012,359.755554,4558359
2020-07-29,361.000000,369.000000,360.799988,367.399994,363.915710,4249828
2020-07-30,368.799988,374.600006,362.399994,362.600006,359.161255,5191921
2020-07-31,366.000000,372.399994,365.200012,370.200012,366.689178,5294034
2020-08-03,373.000000,373.399994,367.799988,371.200012,367.679688,3028743
2020-08-04,374.000000,379.000000,371.000000,376.799988,373.226563,5173621
2020-08-05,379.600006,387.600006,375.399994,386.000000,382.339325,6301703
2020-08-06,387.600006,388.000000,377.000000,385.000000,381.348785,5717924
2020-08-07,386.000000,386.399994,371.000000,381.399994,377.782928,5254574
2020-08-10,378.000000,378.000000,371.399994,374.000000,370.453125,5728426
2020-08-11,375.000000,379.600006,370.399994,374.000000,370.453125,6091648
2020-08-12,371.000000,372.200012,358.200012,369.799988,366.292938,9859902
2020-08-13,374.799988,376.000000,370.000000,372.000000,368.472076,2764840
2020-08-14,370.399994,373.200012,367.000000,368.399994,364.906219,2948889
2020-08-17,365.399994,376.600006,365.399994,376.600006,373.028473,4939259
2020-08-18,377.600006,379.200012,375.399994,379.000000,375.405701,2925996
2020-08-19,378.000000,381.600006,371.200012,373.600006,370.056915,2995328
2020-08-20,373.000000,373.000000,366.000000,371.000000,367.481567,6658270
2020-08-21,373.799988,377.799988,371.399994,376.399994,372.830353,3139012
2020-08-24,378.000000,381.600006,376.600006,381.000000,377.386749,3539109
2020-08-25,381.000000,382.000000,375.000000,375.000000,371.443634,3535702
2020-08-26,373.000000,382.600006,373.000000,382.000000,378.377258,3379748
2020-08-27,382.000000,385.200012,378.000000,379.399994,375.801910,3341823
2020-08-28,382.799988,385.600006,378.600006,380.600006,376.990540,5936037
2020-08-31,385.000000,397.799988,383.600006,391.200012,387.490021,8167226
2020-09-01,390.399994,394.600006,386.399994,394.200012,394.200012,5190038
2020-09-02,395.000000,396.799988,390.399994,394.000000,394.000000,4289596
2020-09-03,391.399994,393.799988,384.200012,386.600006,386.600006,3493541
2020-09-04,378.000000,380.600006,370.000000,380.600006,380.600006,9019972
2020-09-07,375.000000,378.399994,370.000000,370.000000,370.000000,6492762
2020-09-08,373.799988,374.600006,361.399994,368.000000,368.000000,4795510
2020-09-09,362.000000,370.000000,361.799988,367.600006,367.600006,4213711
2020-09-10,369.200012,371.600006,363.399994,363.399994,363.399994,2880813
2020-09-11,363.000000,370.000000,363.000000,369.000000,369.000000,2783637
2020-09-14,371.200012,378.000000,370.000000,371.799988,371.799988,2707320
2020-09-15,372.000000,374.600006,369.600006,371.000000,371.000000,1779603
2020-09-16,371.399994,377.399994,371.399994,374.399994,374.399994,2139899
2020-09-17,374.399994,375.799988,369.000000,370.000000,370.000000,2673720
2020-09-18,371.600006,372.600006,368.000000,372.600006,372.600006,3422523
2020-09-21,373.799988,375.200012,367.000000,367.000000,367.000000,2865329
2020-09-22,366.799988,368.799988,364.200012,364.200012,364.200012,3297242
2020-09-23,364.200012,369.600006,363.399994,368.200012,368.200012,1944877
2020-09-24,366.000000,366.000000,357.399994,357.600006,357.600006,5721780
2020-09-25,357.000000,362.399994,354.399994,355.799988,355.799988,4186161
2020-09-28,353.600006,362.799988,353.600006,360.600006,360.600006,3364064
2020-09-29,363.600006,364.200012,356.600006,359.000000,359.000000,2848408
2020-09-30,360.000000,365.399994,357.399994,361.799988,361.799988,3118842
2020-10-05,366.000000,367.399994,363.200012,366.000000,366.000000,3027347
2020-10-06,369.000000,376.000000,368.399994,375.000000,375.000000,4500250
2020-10-07,378.000000,378.000000,372.000000,377.000000,377.000000,3170865
2020-10-08,380.000000,380.000000,373.000000,377.799988,377.799988,2326474
2020-10-09,378.000000,379.000000,372.000000,372.000000,372.000000,2473918
2020-10-12,372.399994,381.799988,372.000000,376.799988,376.799988,6191023
2020-10-14,374.600006,375.799988,369.600006,373.000000,373.000000,5168561
2020-10-15,370.000000,371.200012,362.000000,362.000000,362.000000,5171806
2020-10-16,361.799988,366.200012,360.000000,361.200012,361.200012,4880405
2020-10-19,360.000000,369.200012,360.000000,367.200012,367.200012,3384560
2020-10-20,366.200012,368.200012,365.000000,367.000000,367.000000,2206501
2020-10-21,368.000000,373.000000,368.000000,371.399994,371.399994,3604832
2020-10-22,371.200012,371.200012,365.200012,370.000000,370.000000,3218224
2020-10-23,371.000000,371.000000,365.399994,368.000000,368.000000,3286031
2020-10-27,368.000000,368.200012,362.200012,364.799988,364.799988,4717452
2020-10-28,364.799988,380.399994,363.799988,377.600006,377.600006,8730112
2020-10-29,372.000000,384.799988,370.399994,383.399994,383.399994,8250993
2020-10-30,382.600006,383.000000,369.799988,370.200012,370.200012,7374458
2020-11-02,370.399994,375.000000,366.200012,374.399994,374.399994,4085313
2020-11-03,378.000000,384.000000,375.399994,378.000000,378.000000,7010006
2020-11-04,363.000000,372.000000,362.000000,371.600006,371.600006,11034250
2020-11-05,378.000000,384.399994,376.000000,383.200012,383.200012,9625066
2020-11-06,384.000000,388.000000,380.000000,381.000000,381.000000,4834083
2020-11-09,389.000000,394.600006,386.000000,387.799988,387.799988,7150862
2020-11-10,390.000000,392.000000,375.600006,380.600006,380.600006,7192472
2020-11-11,376.600006,378.399994,365.000000,365.399994,365.399994,8236127
2020-11-12,368.000000,375.000000,368.000000,369.399994,369.399994,5040584
2020-11-13,373.799988,377.000000,370.200012,371.000000,371.000000,4462545
2020-11-16,374.600006,375.799988,366.000000,374.000000,374.000000,4481080
2020-11-17,378.000000,378.000000,371.000000,373.000000,373.000000,2447195
2020-11-18,373.600006,374.000000,368.200012,370.000000,370.000000,3769532
2020-11-19,369.200012,372.000000,367.000000,370.399994,370.399994,3262491
2020-11-20,371.600006,377.799988,371.600006,376.200012,376.200012,3923833
2020-11-23,379.200012,380.000000,375.399994,376.799988,376.799988,3059445
2020-11-24,380.000000,392.000000,378.200012,392.000000,392.000000,9088307
2020-11-25,394.399994,398.399994,381.399994,383.000000,383.000000,8665708
2020-11-26,386.600006,386.600006,380.799988,382.799988,382.799988,1887248
2020-11-27,382.000000,389.200012,381.600006,386.200012,386.200012,2550658
2020-11-30,386.399994,389.799988,380.399994,385.399994,385.399994,6109399
2020-12-01,387.200012,389.000000,383.000000,386.200012,386.200012,3306955
2020-12-02,387.600006,389.000000,378.000000,379.799988,379.799988,4440677
2020-12-03,385.000000,386.000000,381.399994,384.799988,384.799988,4582671
2020-12-04,388.000000,392.000000,385.200012,392.000000,392.000000,4891068
2020-12-07,390.200012,390.200012,382.200012,384.399994,384.399994,4167750
2020-12-08,384.000000,389.000000,382.200012,384.000000,384.000000,2705795
2020-12-09,387.200012,387.799988,382.399994,384.600006,384.600006,2409324
2020-12-10,380.600006,385.799988,380.600006,384.200012,384.200012,1986228
2020-12-11,386.000000,387.799988,383.799988,386.000000,386.000000,2584766
2020-12-14,389.000000,389.000000,385.000000,387.799988,387.799988,3726291
2020-12-15,388.000000,388.000000,379.399994,382.399994,382.399994,3557003
2020-12-16,386.000000,388.799988,384.000000,387.399994,387.399994,3536979
2020-12-17,390.000000,393.200012,387.399994,393.200012,393.200012,4166768
2020-12-18,393.000000,394.799988,389.000000,394.000000,394.000000,4110715
2020-12-21,395.000000,407.000000,392.399994,403.000000,403.000000,9959184
2020-12-22,405.000000,406.000000,396.000000,396.799988,396.799988,3653927
2020-12-23,395.000000,403.799988,394.399994,403.799988,403.799988,2983900
2020-12-24,404.200012,414.399994,401.600006,413.000000,413.000000,4718024
2020-12-28,415.000000,421.399994,412.000000,414.200012,414.200012,3984999
2020-12-29,416.799988,419.399994,412.200012,413.200012,413.200012,2302202
2020-12-30,413.799988,426.000000,413.799988,425.200012,425.200012,4645458
2020-12-31,426.000000,432.000000,425.000000,425.000000,425.000000,2924062
2021-01-04,425.000000,441.799988,424.399994,441.799988,441.799988,5015593
2021-01-05,441.799988,460.000000,440.600006,457.000000,457.000000,7687814
2021-01-06,456.000000,459.000000,448.399994,449.000000,449.000000,5333736
2021-01-07,453.600006,459.799988,443.000000,443.000000,443.000000,5704257
2021-01-08,449.600006,464.399994,445.600006,452.000000,452.000000,10271690
2021-01-11,457.000000,458.000000,450.200012,450.200012,450.200012,3779470
2021-01-12,450.200012,454.600006,441.600006,450.200012,450.200012,3621313
2021-01-13,450.399994,456.799988,448.399994,453.399994,453.399994,3231606
2021-01-14,454.000000,459.600006,449.000000,458.000000,458.000000,3956847
2021-01-15,456.000000,471.600006,453.399994,458.399994,458.399994,6907409